1 1000 1 0.500051
1 1000 2 0.531125
1 1000 3 0.5626
1 1000 4 0.565925
1 1000 5 0.582675
1 1000 6 0.601675
1 1000 7 0.608675
1 1000 8 0.611325
1 1000 9 0.619175
1 1000 10 0.623025
1 1000 11 0.63135
1 1000 12 0.635225
1 1000 13 0.634225
1 1000 14 0.640925
1 1000 15 0.643025
1 1000 16 0.649425
1 1000 17 0.65455
1 1000 18 0.6571
1 1000 19 0.654825
1 1000 20 0.658025
1 1000 21 0.654525
1 1000 22 0.6618
1 1000 23 0.662675
1 1000 24 0.6686
1 1000 25 0.66705
1 1000 26 0.670325
1 1000 27 0.671225
1 1000 28 0.675425
1 1000 29 0.676375
1 1000 30 0.67165
1 1000 31 0.67565
1 1000 32 0.67415
1 1000 33 0.67105
1 1000 34 0.67095
1 1000 35 0.675475
1 1000 36 0.681125
1 1000 37 0.690975
1 1000 38 0.682275
1 1000 39 0.68565
1 1000 40 0.688075
1 1000 41 0.68805
1 1000 42 0.6899
1 1000 43 0.684125
1 1000 44 0.685925
1 1000 45 0.6871
1 1000 46 0.69215
1 1000 47 0.693325
1 1000 48 0.69495
1 1000 49 0.6958
1 1000 50 0.695225
1 1000 51 0.698275
1 1000 52 0.695
1 1000 53 0.699075
1 1000 54 0.698025
1 1000 55 0.701975
1 1000 56 0.6992
1 1000 57 0.699325
1 1000 58 0.70025
1 1000 59 0.700825
1 1000 60 0.69725
1 1000 61 0.7031
1 1000 62 0.701325
1 1000 63 0.701875
1 1000 64 0.699575
1 1000 65 0.7013
1 1000 66 0.70125
1 1000 67 0.691525
1 1000 68 0.700425
1 1000 69 0.6927
1 1000 70 0.689125
1 1000 71 0.689925
1 1000 72 0.692025
1 1000 73 0.6933
1 1000 74 0.6889
1 1000 75 0.68905
1 1000 76 0.686475
1 1000 77 0.682475
1 1000 78 0.690975
1 1000 79 0.68235
1 1000 80 0.6786
1 1000 81 0.678925
1 1000 82 0.67485
1 1000 83 0.677475
1 1000 84 0.6767
1 1000 85 0.682775
1 1000 86 0.681825
1 1000 87 0.680225
1 1000 88 0.68105
1 1000 89 0.6828
1 1000 90 0.6801
1 1000 91 0.67845
1 1000 92 0.68345
1 1000 93 0.68505
1 1000 94 0.6868
1 1000 95 0.6925
1 1000 96 0.68895
1 1000 97 0.694875
1 1000 98 0.691725
1 1000 99 0.69565
1 1000 100 0.6997
1 1000 101 0.7001
1 1000 102 0.701625
1 1000 103 0.7033
1 1000 104 0.702675
1 1000 105 0.69895
1 1000 106 0.702625
1 1000 107 0.7062
1 1000 108 0.7022
1 1000 109 0.7056
1 1000 110 0.7091
1 1000 111 0.7022
1 1000 112 0.708475
1 1000 113 0.710075
1 1000 114 0.70765
1 1000 115 0.70715
1 1000 116 0.70645
1 1000 117 0.707575
1 1000 118 0.704775
1 1000 119 0.707575
1 1000 120 0.707125
1 1000 121 0.70445
1 1000 122 0.705625
1 1000 123 0.707925
1 1000 124 0.70585
1 1000 125 0.7075
1 1000 126 0.7101
1 1000 127 0.71185
1 1000 128 0.7114
1 1000 129 0.705625
1 1000 130 0.710525
1 1000 131 0.713175
1 1000 132 0.7101
1 1000 133 0.7099
1 1000 134 0.709225
1 1000 135 0.71145
1 1000 136 0.713025
1 1000 137 0.7111
1 1000 138 0.70825
1 1000 139 0.71495
1 1000 140 0.7123
1 1000 141 0.717225
1 1000 142 0.717
1 1000 143 0.71445
1 1000 144 0.716175
1 1000 145 0.7174
1 1000 146 0.717775
1 1000 147 0.717625
1 1000 148 0.716575
1 1000 149 0.717525
1 1000 150 0.715425
1 1000 151 0.71675
1 1000 152 0.718525
1 1000 153 0.7179
1 1000 154 0.716625
1 1000 155 0.711125
1 1000 156 0.715975
1 1000 157 0.71375
1 1000 158 0.715725
1 1000 159 0.713475
1 1000 160 0.71705
1 1000 161 0.716375
1 1000 162 0.719025
1 1000 163 0.716475
1 1000 164 0.711225
1 1000 165 0.71715
1 1000 166 0.71765
1 1000 167 0.717675
1 1000 168 0.71465
1 1000 169 0.715525
1 1000 170 0.713625
1 1000 171 0.71305
1 1000 172 0.71515
1 1000 173 0.710225
1 1000 174 0.709325
1 1000 175 0.712875
1 1000 176 0.709975
1 1000 177 0.711675
1 1000 178 0.705775
1 1000 179 0.708775
1 1000 180 0.70705
1 1000 181 0.70655
1 1000 182 0.709325
1 1000 183 0.7048
1 1000 184 0.700975
1 1000 185 0.699525
1 1000 186 0.7028
1 1000 187 0.697925
1 1000 188 0.698675
1 1000 189 0.69795
1 1000 190 0.69715
1 1000 191 0.69615
1 1000 192 0.69425
1 1000 193 0.6959
1 1000 194 0.695475
1 1000 195 0.693475
1 1000 196 0.69345
1 1000 197 0.6946
1 1000 198 0.6946
1 1000 199 0.692
1 1000 200 0.69285
1 1000 201 0.692925
1 1000 202 0.690175
1 1000 203 0.6919
1 1000 204 0.694425
1 1000 205 0.69715
1 1000 206 0.688475
1 1000 207 0.692075
1 1000 208 0.692425
1 1000 209 0.6921
1 1000 210 0.696125
1 1000 211 0.68895
1 1000 212 0.693175
1 1000 213 0.696275
1 1000 214 0.697925
1 1000 215 0.6962
1 1000 216 0.691625
1 1000 217 0.694475
1 1000 218 0.690225
1 1000 219 0.696525
1 1000 220 0.697875
1 1000 221 0.697925
1 1000 222 0.69415
1 1000 223 0.696875
1 1000 224 0.694475
1 1000 225 0.6984
1 1000 226 0.6957
1 1000 227 0.695975
1 1000 228 0.696175
1 1000 229 0.699
1 1000 230 0.6976
1 1000 231 0.7005
1 1000 232 0.697975
1 1000 233 0.698
1 1000 234 0.6978
1 1000 235 0.6967
1 1000 236 0.700375
1 1000 237 0.7015
1 1000 238 0.6972
1 1000 239 0.69505
1 1000 240 0.70045
1 1000 241 0.697275
1 1000 242 0.69695
1 1000 243 0.698525
1 1000 244 0.700975
1 1000 245 0.700525
1 1000 246 0.702375
1 1000 247 0.69845
1 1000 248 0.70415
1 1000 249 0.6975
1 1000 250 0.70495
1 1000 251 0.705525
1 1000 252 0.70835
1 1000 253 0.70315
1 1000 254 0.703675
1 1000 255 0.706275
1 1000 256 0.70305
1 1000 257 0.700725
1 1000 258 0.70115
1 1000 259 0.69965
1 1000 260 0.7027
1 1000 261 0.70175
1 1000 262 0.6981
1 1000 263 0.700825
1 1000 264 0.700025
1 1000 265 0.69735
1 1000 266 0.699375
1 1000 267 0.701275
1 1000 268 0.6953
1 1000 269 0.697
1 1000 270 0.69345
1 1000 271 0.69995
1 1000 272 0.694225
1 1000 273 0.69605
1 1000 274 0.699175
1 1000 275 0.69465
1 1000 276 0.692
1 1000 277 0.693625
1 1000 278 0.6965
1 1000 279 0.693775
1 1000 280 0.696625
1 1000 281 0.6919
1 1000 282 0.6944
1 1000 283 0.692075
1 1000 284 0.688525
1 1000 285 0.69495
1 1000 286 0.694475
1 1000 287 0.68985
1 1000 288 0.688575
1 1000 289 0.691025
1 1000 290 0.6853
1 1000 291 0.6918
1 1000 292 0.689075
1 1000 293 0.6889
1 1000 294 0.68845
1 1000 295 0.689325
1 1000 296 0.687
1 1000 297 0.686475
1 1000 298 0.689225
1 1000 299 0.6851
1 1000 300 0.681875
1 1000 301 0.688925
1 1000 302 0.68265
1 1000 303 0.67905
1 1000 304 0.680025
1 1000 305 0.68055
1 1000 306 0.680325
1 1000 307 0.68115
1 1000 308 0.6809
1 1000 309 0.679325
1 1000 310 0.678725
1 1000 311 0.680475
1 1000 312 0.678275
1 1000 313 0.676625
1 1000 314 0.67905
1 1000 315 0.677075
1 1000 316 0.67875
1 1000 317 0.671925
1 1000 318 0.67625
1 1000 319 0.677725
1 1000 320 0.673175
1 1000 321 0.6762
1 1000 322 0.673725
1 1000 323 0.677325
1 1000 324 0.6762
1 1000 325 0.6772
1 1000 326 0.676175
1 1000 327 0.6768
1 1000 328 0.674275
1 1000 329 0.6734
1 1000 330 0.676875
1 1000 331 0.673525
1 1000 332 0.6734
1 1000 333 0.670175
1 1000 334 0.6765
1 1000 335 0.67765
1 1000 336 0.6775
1 1000 337 0.678475
1 1000 338 0.674425
1 1000 339 0.6789
1 1000 340 0.677625
1 1000 341 0.675575
1 1000 342 0.6799
1 1000 343 0.678125
1 1000 344 0.67655
1 1000 345 0.680125
1 1000 346 0.684875
1 1000 347 0.681575
1 1000 348 0.6739
1 1000 349 0.68135
1 1000 350 0.68645
1 1000 351 0.6799
1 1000 352 0.682675
1 1000 353 0.683025
1 1000 354 0.681225
1 1000 355 0.68165
1 1000 356 0.682775
1 1000 357 0.68335
1 1000 358 0.683325
1 1000 359 0.686075
1 1000 360 0.6867
1 1000 361 0.68635
1 1000 362 0.685625
1 1000 363 0.68805
1 1000 364 0.682875
1 1000 365 0.68425
1 1000 366 0.68645
1 1000 367 0.684875
1 1000 368 0.689425
1 1000 369 0.6939
1 1000 370 0.69145
1 1000 371 0.6906
1 1000 372 0.688525
1 1000 373 0.69115
1 1000 374 0.688475
1 1000 375 0.692225
1 1000 376 0.69115
1 1000 377 0.6913
1 1000 378 0.694775
1 1000 379 0.6913
1 1000 380 0.68945
1 1000 381 0.692375
1 1000 382 0.6944
1 1000 383 0.69895
1 1000 384 0.6953
1 1000 385 0.6967
1 1000 386 0.695725
1 1000 387 0.69575
1 1000 388 0.6975
1 1000 389 0.697475
1 1000 390 0.6975
1 1000 391 0.698925
1 1000 392 0.70075
1 1000 393 0.699925
1 1000 394 0.700625
1 1000 395 0.70475
1 1000 396 0.694325
1 1000 397 0.701225
1 1000 398 0.701225
1 1000 399 0.7011
1 1000 400 0.703125
1 1000 401 0.702475
1 1000 402 0.7033
1 1000 403 0.70245
1 1000 404 0.7056
1 1000 405 0.7016
1 1000 406 0.705425
1 1000 407 0.704725
1 1000 408 0.703125
1 1000 409 0.7011
1 1000 410 0.70455
1 1000 411 0.705325
1 1000 412 0.711125
1 1000 413 0.7068
1 1000 414 0.707775
1 1000 415 0.70985
1 1000 416 0.71005
1 1000 417 0.7109
1 1000 418 0.713175
1 1000 419 0.71355
1 1000 420 0.710775
1 1000 421 0.711175
1 1000 422 0.710925
1 1000 423 0.71395
1 1000 424 0.7127
1 1000 425 0.714125
1 1000 426 0.713375
1 1000 427 0.71535
1 1000 428 0.711825
1 1000 429 0.714125
1 1000 430 0.714625
1 1000 431 0.71625
1 1000 432 0.713775
1 1000 433 0.7128
1 1000 434 0.716075
1 1000 435 0.714575
1 1000 436 0.7152
1 1000 437 0.717375
1 1000 438 0.720275
1 1000 439 0.72125
1 1000 440 0.7218
1 1000 441 0.7215
1 1000 442 0.718075
1 1000 443 0.72375
1 1000 444 0.7203
1 1000 445 0.721775
1 1000 446 0.723925
1 1000 447 0.720525
1 1000 448 0.720375
1 1000 449 0.723375
1 1000 450 0.7211
1 1000 451 0.721625
1 1000 452 0.7243
1 1000 453 0.72755
1 1000 454 0.7241
1 1000 455 0.72895
1 1000 456 0.729925
1 1000 457 0.7255
1 1000 458 0.730875
1 1000 459 0.728125
1 1000 460 0.726175
1 1000 461 0.72865
1 1000 462 0.72805
1 1000 463 0.732375
1 1000 464 0.7294
1 1000 465 0.732925
1 1000 466 0.73305
1 1000 467 0.7313
1 1000 468 0.733575
1 1000 469 0.729325
1 1000 470 0.7329
1 1000 471 0.736075
1 1000 472 0.7346
1 1000 473 0.737525
1 1000 474 0.73445
1 1000 475 0.735525
1 1000 476 0.73885
1 1000 477 0.734925
1 1000 478 0.7355
1 1000 479 0.741125
1 1000 480 0.739425
1 1000 481 0.7383
1 1000 482 0.7412
1 1000 483 0.7377
1 1000 484 0.741075
1 1000 485 0.74295
1 1000 486 0.741775
1 1000 487 0.7411
1 1000 488 0.740725
1 1000 489 0.7446
1 1000 490 0.742275
1 1000 491 0.743925
1 1000 492 0.746525
1 1000 493 0.744825
1 1000 494 0.749225
1 1000 495 0.7471
1 1000 496 0.744525
1 1000 497 0.749825
1 1000 498 0.748575
1 1000 499 0.749175
1 1000 500 0.74665
1 1000 501 0.7495
1 1000 502 0.74915
1 1000 503 0.747325
1 1000 504 0.749275
1 1000 505 0.7492
1 1000 506 0.7492
1 1000 507 0.748625
1 1000 508 0.752225
1 1000 509 0.749375
1 1000 510 0.749925
1 1000 511 0.75195
1 1000 512 0.751
1 1000 513 0.749
1 1000 514 0.751475
1 1000 515 0.7499
1 1000 516 0.749825
1 1000 517 0.749725
1 1000 518 0.75225
1 1000 519 0.75145
1 1000 520 0.74815
1 1000 521 0.748625
1 1000 522 0.74915
1 1000 523 0.750025
1 1000 524 0.7504
1 1000 525 0.750875
1 1000 526 0.750025
1 1000 527 0.751425
1 1000 528 0.750875
1 1000 529 0.752775
1 1000 530 0.750225
1 1000 531 0.746625
1 1000 532 0.749825
1 1000 533 0.748825
1 1000 534 0.7495
1 1000 535 0.7496
1 1000 536 0.749325
1 1000 537 0.74985
1 1000 538 0.7509
1 1000 539 0.74965
1 1000 540 0.748825
1 1000 541 0.7485
1 1000 542 0.7496
1 1000 543 0.749475
1 1000 544 0.75085
1 1000 545 0.74795
1 1000 546 0.75135
1 1000 547 0.75045
1 1000 548 0.74945
1 1000 549 0.75155
1 1000 550 0.74855
1 1000 551 0.74865
1 1000 552 0.747725
1 1000 553 0.75155
1 1000 554 0.749325
1 1000 555 0.749575
1 1000 556 0.749425
1 1000 557 0.7512
1 1000 558 0.750125
1 1000 559 0.747825
1 1000 560 0.748775
1 1000 561 0.754525
1 1000 562 0.751475
1 1000 563 0.7482
1 1000 564 0.7504
1 1000 565 0.74955
1 1000 566 0.74715
1 1000 567 0.750575
1 1000 568 0.74805
1 1000 569 0.751975
1 1000 570 0.749425
1 1000 571 0.748025
1 1000 572 0.7495
1 1000 573 0.749925
1 1000 574 0.749275
1 1000 575 0.748075
1 1000 576 0.749125
1 1000 577 0.74855
1 1000 578 0.751825
1 1000 579 0.74795
1 1000 580 0.74975
1 1000 581 0.74745
1 1000 582 0.7506
1 1000 583 0.74875
1 1000 584 0.75105
1 1000 585 0.745625
1 1000 586 0.749225
1 1000 587 0.74605
1 1000 588 0.749025
1 1000 589 0.74965
1 1000 590 0.748875
1 1000 591 0.750075
1 1000 592 0.753375
1 1000 593 0.749375
1 1000 594 0.74745
1 1000 595 0.7526
1 1000 596 0.745775
1 1000 597 0.751225
1 1000 598 0.747575
1 1000 599 0.748575
1 1000 600 0.746925
1 1000 601 0.747575
1 1000 602 0.750025
1 1000 603 0.749325
1 1000 604 0.747775
1 1000 605 0.748475
1 1000 606 0.747025
1 1000 607 0.75085
1 1000 608 0.74835
1 1000 609 0.745775
1 1000 610 0.75135
1 1000 611 0.7472
1 1000 612 0.7494
1 1000 613 0.749425
1 1000 614 0.750075
1 1000 615 0.75025
1 1000 616 0.7464
1 1000 617 0.74975
1 1000 618 0.746675
1 1000 619 0.7474
1 1000 620 0.749875
1 1000 621 0.75175
1 1000 622 0.7439
1 1000 623 0.7485
1 1000 624 0.750575
1 1000 625 0.7471
1 1000 626 0.746275
1 1000 627 0.749525
1 1000 628 0.750025
1 1000 629 0.747875
1 1000 630 0.747325
1 1000 631 0.74775
1 1000 632 0.752075
1 1000 633 0.74595
1 1000 634 0.7528
1 1000 635 0.7479
1 1000 636 0.74565
1 1000 637 0.74925
1 1000 638 0.74625
1 1000 639 0.745575
1 1000 640 0.750525
1 1000 641 0.747925
1 1000 642 0.75035
1 1000 643 0.75075
1 1000 644 0.750925
1 1000 645 0.7496
1 1000 646 0.747975
1 1000 647 0.749525
1 1000 648 0.7501
1 1000 649 0.747975
1 1000 650 0.7493
1 1000 651 0.7489
1 1000 652 0.75155
1 1000 653 0.75235
1 1000 654 0.748225
1 1000 655 0.746025
1 1000 656 0.74685
1 1000 657 0.751125
1 1000 658 0.747025
1 1000 659 0.747175
1 1000 660 0.7481
1 1000 661 0.749125
1 1000 662 0.7495
1 1000 663 0.74735
1 1000 664 0.745625
1 1000 665 0.75165
1 1000 666 0.74615
1 1000 667 0.748425
1 1000 668 0.7445
1 1000 669 0.748675
1 1000 670 0.746225
1 1000 671 0.7469
1 1000 672 0.746
1 1000 673 0.747
1 1000 674 0.749325
1 1000 675 0.748775
1 1000 676 0.74945
1 1000 677 0.7525
1 1000 678 0.749425
1 1000 679 0.748475
1 1000 680 0.749125
1 1000 681 0.748725
1 1000 682 0.746975
1 1000 683 0.7462
1 1000 684 0.747325
1 1000 685 0.749575
1 1000 686 0.747375
1 1000 687 0.746675
1 1000 688 0.7484
1 1000 689 0.751275
1 1000 690 0.7476
1 1000 691 0.7474
1 1000 692 0.747225
1 1000 693 0.747825
1 1000 694 0.74385
1 1000 695 0.74845
1 1000 696 0.74665
1 1000 697 0.74915
1 1000 698 0.749675
1 1000 699 0.746775
1 1000 700 0.748175
1 1000 701 0.75
1 1000 702 0.74795
1 1000 703 0.7503
1 1000 704 0.75005
1 1000 705 0.74785
1 1000 706 0.749925
1 1000 707 0.748525
1 1000 708 0.749875
1 1000 709 0.748825
1 1000 710 0.744975
1 1000 711 0.7452
1 1000 712 0.745625
1 1000 713 0.747075
1 1000 714 0.7466
1 1000 715 0.745125
1 1000 716 0.7484
1 1000 717 0.747575
1 1000 718 0.748825
1 1000 719 0.7467
1 1000 720 0.750875
1 1000 721 0.7481
1 1000 722 0.747125
1 1000 723 0.744775
1 1000 724 0.7445
1 1000 725 0.74625
1 1000 726 0.7447
1 1000 727 0.74715
1 1000 728 0.7463
1 1000 729 0.748225
1 1000 730 0.7454
1 1000 731 0.747875
1 1000 732 0.7459
1 1000 733 0.745575
1 1000 734 0.748275
1 1000 735 0.74585
1 1000 736 0.744425
1 1000 737 0.74435
1 1000 738 0.7435
1 1000 739 0.745225
1 1000 740 0.747125
1 1000 741 0.74525
1 1000 742 0.744775
1 1000 743 0.743825
1 1000 744 0.7478
1 1000 745 0.744425
1 1000 746 0.7487
1 1000 747 0.75135
1 1000 748 0.743125
1 1000 749 0.7461
1 1000 750 0.7473
1 1000 751 0.745975
1 1000 752 0.744475
1 1000 753 0.7468
1 1000 754 0.7438
1 1000 755 0.743825
1 1000 756 0.745025
1 1000 757 0.74175
1 1000 758 0.743875
1 1000 759 0.741675
1 1000 760 0.7475
1 1000 761 0.74335
1 1000 762 0.742275
1 1000 763 0.74495
1 1000 764 0.745275
1 1000 765 0.746275
1 1000 766 0.7443
1 1000 767 0.744325
1 1000 768 0.741975
1 1000 769 0.745525
1 1000 770 0.7432
1 1000 771 0.7429
1 1000 772 0.74285
1 1000 773 0.74535
1 1000 774 0.7439
1 1000 775 0.74685
1 1000 776 0.74175
1 1000 777 0.7396
1 1000 778 0.744125
1 1000 779 0.74085
1 1000 780 0.741275
1 1000 781 0.743425
1 1000 782 0.745675
1 1000 783 0.739475
1 1000 784 0.7443
1 1000 785 0.741375
1 1000 786 0.74195
1 1000 787 0.744875
1 1000 788 0.7435
1 1000 789 0.7482
1 1000 790 0.739925
1 1000 791 0.740225
1 1000 792 0.7418
1 1000 793 0.74135
1 1000 794 0.739275
1 1000 795 0.74085
1 1000 796 0.738225
1 1000 797 0.73835
1 1000 798 0.743525
1 1000 799 0.74125
1 1000 800 0.7396
1 1000 801 0.74255
1 1000 802 0.73875
1 1000 803 0.742925
1 1000 804 0.74385
1 1000 805 0.74045
1 1000 806 0.7439
1 1000 807 0.739425
1 1000 808 0.74055
1 1000 809 0.740875
1 1000 810 0.739225
1 1000 811 0.737525
1 1000 812 0.739675
1 1000 813 0.73975
1 1000 814 0.73785
1 1000 815 0.738025
1 1000 816 0.737825
1 1000 817 0.741325
1 1000 818 0.7404
1 1000 819 0.74175
1 1000 820 0.740525
1 1000 821 0.737675
1 1000 822 0.739975
1 1000 823 0.7404
1 1000 824 0.7403
1 1000 825 0.74105
1 1000 826 0.739825
1 1000 827 0.7411
1 1000 828 0.737225
1 1000 829 0.73915
1 1000 830 0.7378
1 1000 831 0.738
1 1000 832 0.73975
1 1000 833 0.74225
1 1000 834 0.73975
1 1000 835 0.73945
1 1000 836 0.7401
1 1000 837 0.736575
1 1000 838 0.741575
1 1000 839 0.7399
1 1000 840 0.735625
1 1000 841 0.737025
1 1000 842 0.735625
1 1000 843 0.737775
1 1000 844 0.741725
1 1000 845 0.73415
1 1000 846 0.7377
1 1000 847 0.735925
1 1000 848 0.737575
1 1000 849 0.7333
1 1000 850 0.73445
1 1000 851 0.73535
1 1000 852 0.7395
1 1000 853 0.7387
1 1000 854 0.736525
1 1000 855 0.739
1 1000 856 0.738375
1 1000 857 0.737775
1 1000 858 0.737675
1 1000 859 0.73695
1 1000 860 0.7371
1 1000 861 0.734875
1 1000 862 0.736625
1 1000 863 0.737275
1 1000 864 0.736325
1 1000 865 0.734525
1 1000 866 0.73885
1 1000 867 0.736775
1 1000 868 0.73505
1 1000 869 0.73375
1 1000 870 0.73305
1 1000 871 0.735125
1 1000 872 0.737425
1 1000 873 0.73365
1 1000 874 0.734775
1 1000 875 0.734225
1 1000 876 0.7322
1 1000 877 0.735925
1 1000 878 0.73465
1 1000 879 0.73665
1 1000 880 0.732875
1 1000 881 0.73365
1 1000 882 0.734375
1 1000 883 0.7331
1 1000 884 0.732
1 1000 885 0.73515
1 1000 886 0.729275
1 1000 887 0.733
1 1000 888 0.732675
1 1000 889 0.73415
1 1000 890 0.73265
1 1000 891 0.73035
1 1000 892 0.730375
1 1000 893 0.73335
1 1000 894 0.73505
1 1000 895 0.732675
1 1000 896 0.730275
1 1000 897 0.733025
1 1000 898 0.73225
1 1000 899 0.73165
1 1000 900 0.72745
1 1000 901 0.7325
1 1000 902 0.7337
1 1000 903 0.7323
1 1000 904 0.734575
1 1000 905 0.732075
1 1000 906 0.731175
1 1000 907 0.731725
1 1000 908 0.7335
1 1000 909 0.73135
1 1000 910 0.73005
1 1000 911 0.7333
1 1000 912 0.728575
1 1000 913 0.726275
1 1000 914 0.728725
1 1000 915 0.730025
1 1000 916 0.727875
1 1000 917 0.72745
1 1000 918 0.73235
1 1000 919 0.73205
1 1000 920 0.725175
1 1000 921 0.7305
1 1000 922 0.73095
1 1000 923 0.727975
1 1000 924 0.73325
1 1000 925 0.72695
1 1000 926 0.731
1 1000 927 0.72895
1 1000 928 0.73025
1 1000 929 0.729425
1 1000 930 0.72665
1 1000 931 0.732675
1 1000 932 0.72855
1 1000 933 0.7317
1 1000 934 0.72925
1 1000 935 0.731175
1 1000 936 0.72685
1 1000 937 0.728975
1 1000 938 0.730825
1 1000 939 0.724375
1 1000 940 0.7284
1 1000 941 0.728525
1 1000 942 0.72735
1 1000 943 0.72495
1 1000 944 0.7278
1 1000 945 0.72595
1 1000 946 0.72725
1 1000 947 0.72665
1 1000 948 0.728125
1 1000 949 0.72375
1 1000 950 0.72505
1 1000 951 0.726
1 1000 952 0.7263
1 1000 953 0.72745
1 1000 954 0.728325
1 1000 955 0.7242
1 1000 956 0.7254
1 1000 957 0.7266
1 1000 958 0.726575
1 1000 959 0.72505
1 1000 960 0.725725
1 1000 961 0.724625
1 1000 962 0.72915
1 1000 963 0.72635
1 1000 964 0.72285
1 1000 965 0.724925
1 1000 966 0.725175
1 1000 967 0.726175
1 1000 968 0.724225
1 1000 969 0.7301
1 1000 970 0.725925
1 1000 971 0.72585
1 1000 972 0.72645
1 1000 973 0.724275
1 1000 974 0.7261
1 1000 975 0.7277
1 1000 976 0.7241
1 1000 977 0.726875
1 1000 978 0.725375
1 1000 979 0.726025
1 1000 980 0.7273
1 1000 981 0.7223
1 1000 982 0.7265
1 1000 983 0.7252
1 1000 984 0.7275
1 1000 985 0.727475
1 1000 986 0.725775
1 1000 987 0.725025
1 1000 988 0.7239
1 1000 989 0.724225
1 1000 990 0.7232
1 1000 991 0.724625
1 1000 992 0.72625
1 1000 993 0.7258
1 1000 994 0.725975
1 1000 995 0.7256
1 1000 996 0.725625
1 1000 997 0.7265
1 1000 998 0.728025
1 1000 999 0.72435
1 1000 1000 0.72745
1 1000 1001 0.72725
2 1000 1 0.50445
2 1000 2 0.530525
2 1000 3 0.553875
2 1000 4 0.5793
2 1000 5 0.585825
2 1000 6 0.59765
2 1000 7 0.60525
2 1000 8 0.60345
2 1000 9 0.6189
2 1000 10 0.626075
2 1000 11 0.6272
2 1000 12 0.629275
2 1000 13 0.63965
2 1000 14 0.641925
2 1000 15 0.6412
2 1000 16 0.6519
2 1000 17 0.6534
2 1000 18 0.65475
2 1000 19 0.6572
2 1000 20 0.657675
2 1000 21 0.6618
2 1000 22 0.658875
2 1000 23 0.666525
2 1000 24 0.66545
2 1000 25 0.670775
2 1000 26 0.672075
2 1000 27 0.67235
2 1000 28 0.670675
2 1000 29 0.6779
2 1000 30 0.672925
2 1000 31 0.66855
2 1000 32 0.6747
2 1000 33 0.673
2 1000 34 0.6785
2 1000 35 0.67935
2 1000 36 0.68345
2 1000 37 0.6864
2 1000 38 0.688375
2 1000 39 0.68345
2 1000 40 0.69015
2 1000 41 0.6887
2 1000 42 0.6891
2 1000 43 0.686425
2 1000 44 0.68855
2 1000 45 0.687775
2 1000 46 0.6921
2 1000 47 0.697325
2 1000 48 0.701025
2 1000 49 0.69775
2 1000 50 0.698
2 1000 51 0.696275
2 1000 52 0.6976
2 1000 53 0.6963
2 1000 54 0.695675
2 1000 55 0.700475
2 1000 56 0.69965
2 1000 57 0.695425
2 1000 58 0.701
2 1000 59 0.700375
2 1000 60 0.69895
2 1000 61 0.7004
2 1000 62 0.703
2 1000 63 0.704325
2 1000 64 0.700075
2 1000 65 0.699925
2 1000 66 0.6959
2 1000 67 0.69885
2 1000 68 0.693225
2 1000 69 0.695825
2 1000 70 0.692525
2 1000 71 0.690975
2 1000 72 0.69275
2 1000 73 0.690375
2 1000 74 0.6846
2 1000 75 0.686775
2 1000 76 0.68715
2 1000 77 0.687725
2 1000 78 0.68685
2 1000 79 0.68055
2 1000 80 0.682625
2 1000 81 0.68215
2 1000 82 0.67505
2 1000 83 0.6775
2 1000 84 0.6831
2 1000 85 0.6805
2 1000 86 0.6814
2 1000 87 0.6803
2 1000 88 0.68165
2 1000 89 0.681175
2 1000 90 0.680775
2 1000 91 0.6821
2 1000 92 0.683375
2 1000 93 0.686725
2 1000 94 0.689075
2 1000 95 0.690025
2 1000 96 0.69155
2 1000 97 0.6964
2 1000 98 0.69675
2 1000 99 0.701325
2 1000 100 0.699675
2 1000 101 0.699525
2 1000 102 0.7002
2 1000 103 0.701025
2 1000 104 0.7017
2 1000 105 0.705625
2 1000 106 0.70575
2 1000 107 0.70655
2 1000 108 0.702
2 1000 109 0.7075
2 1000 110 0.70645
2 1000 111 0.706875
2 1000 112 0.7096
2 1000 113 0.7074
2 1000 114 0.70505
2 1000 115 0.7089
2 1000 116 0.704325
2 1000 117 0.7065
2 1000 118 0.7017
2 1000 119 0.709425
2 1000 120 0.70235
2 1000 121 0.708825
2 1000 122 0.70655
2 1000 123 0.703625
2 1000 124 0.705325
2 1000 125 0.7077
2 1000 126 0.7069
2 1000 127 0.706775
2 1000 128 0.708675
2 1000 129 0.7079
2 1000 130 0.70785
2 1000 131 0.710925
2 1000 132 0.70825
2 1000 133 0.712925
2 1000 134 0.71115
2 1000 135 0.71205
2 1000 136 0.7125
2 1000 137 0.710425
2 1000 138 0.715025
2 1000 139 0.712075
2 1000 140 0.7143
2 1000 141 0.713975
2 1000 142 0.715
2 1000 143 0.71565
2 1000 144 0.719475
2 1000 145 0.7161
2 1000 146 0.7177
2 1000 147 0.716025
2 1000 148 0.713225
2 1000 149 0.716025
2 1000 150 0.718425
2 1000 151 0.71725
2 1000 152 0.716425
2 1000 153 0.717825
2 1000 154 0.715025
2 1000 155 0.71435
2 1000 156 0.71505
2 1000 157 0.7167
2 1000 158 0.7172
2 1000 159 0.716275
2 1000 160 0.7187
2 1000 161 0.717175
2 1000 162 0.7191
2 1000 163 0.716175
2 1000 164 0.7173
2 1000 165 0.713775
2 1000 166 0.715775
2 1000 167 0.7167
2 1000 168 0.7172
2 1000 169 0.71455
2 1000 170 0.715825
2 1000 171 0.719125
2 1000 172 0.713675
2 1000 173 0.715275
2 1000 174 0.708575
2 1000 175 0.70825
2 1000 176 0.706525
2 1000 177 0.710075
2 1000 178 0.70625
2 1000 179 0.7072
2 1000 180 0.70865
2 1000 181 0.70875
2 1000 182 0.70065
2 1000 183 0.6998
2 1000 184 0.699675
2 1000 185 0.6998
2 1000 186 0.70515
2 1000 187 0.7029
2 1000 188 0.69905
2 1000 189 0.69755
2 1000 190 0.696125
2 1000 191 0.703975
2 1000 192 0.697575
2 1000 193 0.696825
2 1000 194 0.696125
2 1000 195 0.697
2 1000 196 0.6974
2 1000 197 0.6924
2 1000 198 0.694675
2 1000 199 0.68955
2 1000 200 0.694275
2 1000 201 0.69005
2 1000 202 0.694175
2 1000 203 0.6922
2 1000 204 0.69705
2 1000 205 0.69105
2 1000 206 0.69555
2 1000 207 0.695125
2 1000 208 0.691875
2 1000 209 0.691775
2 1000 210 0.6938
2 1000 211 0.69495
2 1000 212 0.697
2 1000 213 0.6902
2 1000 214 0.698775
2 1000 215 0.6981
2 1000 216 0.696875
2 1000 217 0.694825
2 1000 218 0.69475
2 1000 219 0.694775
2 1000 220 0.6944
2 1000 221 0.695375
2 1000 222 0.693625
2 1000 223 0.695225
2 1000 224 0.696
2 1000 225 0.69115
2 1000 226 0.698275
2 1000 227 0.696975
2 1000 228 0.698975
2 1000 229 0.696125
2 1000 230 0.6981
2 1000 231 0.699275
2 1000 232 0.699725
2 1000 233 0.70135
2 1000 234 0.695075
2 1000 235 0.695425
2 1000 236 0.7037
2 1000 237 0.696525
2 1000 238 0.698675
2 1000 239 0.6991
2 1000 240 0.69835
2 1000 241 0.7027
2 1000 242 0.697725
2 1000 243 0.696925
2 1000 244 0.6983
2 1000 245 0.701025
2 1000 246 0.7007
2 1000 247 0.702675
2 1000 248 0.6955
2 1000 249 0.700425
2 1000 250 0.704
2 1000 251 0.701525
2 1000 252 0.69985
2 1000 253 0.707025
2 1000 254 0.703325
2 1000 255 0.702325
2 1000 256 0.699
2 1000 257 0.6995
2 1000 258 0.7063
2 1000 259 0.6991
2 1000 260 0.699925
2 1000 261 0.7012
2 1000 262 0.69985
2 1000 263 0.69825
2 1000 264 0.698075
2 1000 265 0.6968
2 1000 266 0.6994
2 1000 267 0.70155
2 1000 268 0.69605
2 1000 269 0.702525
2 1000 270 0.6934
2 1000 271 0.69535
2 1000 272 0.695575
2 1000 273 0.6941
2 1000 274 0.690975
2 1000 275 0.696025
2 1000 276 0.691
2 1000 277 0.691675
2 1000 278 0.700125
2 1000 279 0.695675
2 1000 280 0.688825
2 1000 281 0.695125
2 1000 282 0.693575
2 1000 283 0.698225
2 1000 284 0.693075
2 1000 285 0.690125
2 1000 286 0.684975
2 1000 287 0.68715
2 1000 288 0.690875
2 1000 289 0.689725
2 1000 290 0.692225
2 1000 291 0.686525
2 1000 292 0.68795
2 1000 293 0.6877
2 1000 294 0.69195
2 1000 295 0.685625
2 1000 296 0.68675
2 1000 297 0.680325
2 1000 298 0.68395
2 1000 299 0.691225
2 1000 300 0.683875
2 1000 301 0.685975
2 1000 302 0.680325
2 1000 303 0.68075
2 1000 304 0.6804
2 1000 305 0.682725
2 1000 306 0.680075
2 1000 307 0.679
2 1000 308 0.679725
2 1000 309 0.684125
2 1000 310 0.677125
2 1000 311 0.675175
2 1000 312 0.679175
2 1000 313 0.68065
2 1000 314 0.67715
2 1000 315 0.672325
2 1000 316 0.677
2 1000 317 0.675525
2 1000 318 0.681125
2 1000 319 0.6789
2 1000 320 0.67135
2 1000 321 0.677975
2 1000 322 0.673425
2 1000 323 0.675675
2 1000 324 0.671125
2 1000 325 0.67335
2 1000 326 0.674225
2 1000 327 0.6778
2 1000 328 0.673725
2 1000 329 0.678375
2 1000 330 0.679175
2 1000 331 0.6719
2 1000 332 0.6764
2 1000 333 0.674625
2 1000 334 0.675175
2 1000 335 0.6736
2 1000 336 0.675775
2 1000 337 0.679425
2 1000 338 0.674875
2 1000 339 0.679275
2 1000 340 0.67835
2 1000 341 0.6745
2 1000 342 0.684775
2 1000 343 0.682025
2 1000 344 0.6779
2 1000 345 0.6799
2 1000 346 0.682
2 1000 347 0.679325
2 1000 348 0.679825
2 1000 349 0.68
2 1000 350 0.683075
2 1000 351 0.682675
2 1000 352 0.68085
2 1000 353 0.68285
2 1000 354 0.68625
2 1000 355 0.68085
2 1000 356 0.682575
2 1000 357 0.683425
2 1000 358 0.684575
2 1000 359 0.685225
2 1000 360 0.683875
2 1000 361 0.68395
2 1000 362 0.688925
2 1000 363 0.682575
2 1000 364 0.6839
2 1000 365 0.69395
2 1000 366 0.687075
2 1000 367 0.6887
2 1000 368 0.69105
2 1000 369 0.691175
2 1000 370 0.68755
2 1000 371 0.69305
2 1000 372 0.6913
2 1000 373 0.692275
2 1000 374 0.687825
2 1000 375 0.6906
2 1000 376 0.692525
2 1000 377 0.691475
2 1000 378 0.694925
2 1000 379 0.69095
2 1000 380 0.69315
2 1000 381 0.6919
2 1000 382 0.694075
2 1000 383 0.697725
2 1000 384 0.69455
2 1000 385 0.6979
2 1000 386 0.6985
2 1000 387 0.696675
2 1000 388 0.6966
2 1000 389 0.69805
2 1000 390 0.7003
2 1000 391 0.69415
2 1000 392 0.695225
2 1000 393 0.700825
2 1000 394 0.697975
2 1000 395 0.6984
2 1000 396 0.700825
2 1000 397 0.700075
2 1000 398 0.701975
2 1000 399 0.704
2 1000 400 0.700975
2 1000 401 0.702725
2 1000 402 0.7018
2 1000 403 0.702625
2 1000 404 0.7061
2 1000 405 0.7037
2 1000 406 0.706075
2 1000 407 0.70405
2 1000 408 0.705825
2 1000 409 0.70955
2 1000 410 0.7078
2 1000 411 0.706
2 1000 412 0.70765
2 1000 413 0.706775
2 1000 414 0.709575
2 1000 415 0.706825
2 1000 416 0.70975
2 1000 417 0.708425
2 1000 418 0.7079
2 1000 419 0.710275
2 1000 420 0.709075
2 1000 421 0.71225
2 1000 422 0.71305
2 1000 423 0.71395
2 1000 424 0.71455
2 1000 425 0.712225
2 1000 426 0.714825
2 1000 427 0.71295
2 1000 428 0.716025
2 1000 429 0.714925
2 1000 430 0.7143
2 1000 431 0.715325
2 1000 432 0.718325
2 1000 433 0.711
2 1000 434 0.714225
2 1000 435 0.716775
2 1000 436 0.71835
2 1000 437 0.718675
2 1000 438 0.716075
2 1000 439 0.718075
2 1000 440 0.714675
2 1000 441 0.720825
2 1000 442 0.7253
2 1000 443 0.718975
2 1000 444 0.7211
2 1000 445 0.7186
2 1000 446 0.7223
2 1000 447 0.719175
2 1000 448 0.725525
2 1000 449 0.72165
2 1000 450 0.72535
2 1000 451 0.726375
2 1000 452 0.724675
2 1000 453 0.7238
2 1000 454 0.723125
2 1000 455 0.723875
2 1000 456 0.724975
2 1000 457 0.726625
2 1000 458 0.728525
2 1000 459 0.728275
2 1000 460 0.725775
2 1000 461 0.73165
2 1000 462 0.72555
2 1000 463 0.7324
2 1000 464 0.7306
2 1000 465 0.728875
2 1000 466 0.7341
2 1000 467 0.731475
2 1000 468 0.731875
2 1000 469 0.734775
2 1000 470 0.737475
2 1000 471 0.735925
2 1000 472 0.7342
2 1000 473 0.7332
2 1000 474 0.733725
2 1000 475 0.737175
2 1000 476 0.732125
2 1000 477 0.73585
2 1000 478 0.738225
2 1000 479 0.736025
2 1000 480 0.7399
2 1000 481 0.73795
2 1000 482 0.739275
2 1000 483 0.740825
2 1000 484 0.741425
2 1000 485 0.741
2 1000 486 0.74345
2 1000 487 0.7413
2 1000 488 0.7423
2 1000 489 0.742625
2 1000 490 0.742875
2 1000 491 0.744525
2 1000 492 0.7412
2 1000 493 0.746725
2 1000 494 0.74495
2 1000 495 0.747475
2 1000 496 0.74495
2 1000 497 0.7465
2 1000 498 0.74645
2 1000 499 0.750575
2 1000 500 0.7518
2 1000 501 0.748825
2 1000 502 0.748725
2 1000 503 0.74905
2 1000 504 0.74815
2 1000 505 0.7488
2 1000 506 0.7519
2 1000 507 0.749275
2 1000 508 0.749075
2 1000 509 0.751275
2 1000 510 0.750725
2 1000 511 0.752125
2 1000 512 0.750275
2 1000 513 0.7492
2 1000 514 0.751
2 1000 515 0.750175
2 1000 516 0.748725
2 1000 517 0.7491
2 1000 518 0.7501
2 1000 519 0.7487
2 1000 520 0.748525
2 1000 521 0.74965
2 1000 522 0.747225
2 1000 523 0.74635
2 1000 524 0.751225
2 1000 525 0.7517
2 1000 526 0.7512
2 1000 527 0.750625
2 1000 528 0.7491
2 1000 529 0.7483
2 1000 530 0.751125
2 1000 531 0.749175
2 1000 532 0.74765
2 1000 533 0.75145
2 1000 534 0.751725
2 1000 535 0.747925
2 1000 536 0.753425
2 1000 537 0.75145
2 1000 538 0.747475
2 1000 539 0.75
2 1000 540 0.7507
2 1000 541 0.747275
2 1000 542 0.7472
2 1000 543 0.74905
2 1000 544 0.74655
2 1000 545 0.749425
2 1000 546 0.748075
2 1000 547 0.748525
2 1000 548 0.75095
2 1000 549 0.7461
2 1000 550 0.748025
2 1000 551 0.7464
2 1000 552 0.749425
2 1000 553 0.7504
2 1000 554 0.7514
2 1000 555 0.749975
2 1000 556 0.751225
2 1000 557 0.74765
2 1000 558 0.7514
2 1000 559 0.752325
2 1000 560 0.745325
2 1000 561 0.75035
2 1000 562 0.750225
2 1000 563 0.75085
2 1000 564 0.7542
2 1000 565 0.747225
2 1000 566 0.74915
2 1000 567 0.74725
2 1000 568 0.74955
2 1000 569 0.7486
2 1000 570 0.747325
2 1000 571 0.75215
2 1000 572 0.748675
2 1000 573 0.7487
2 1000 574 0.747
2 1000 575 0.748575
2 1000 576 0.744575
2 1000 577 0.750775
2 1000 578 0.7487
2 1000 579 0.749125
2 1000 580 0.7512
2 1000 581 0.746075
2 1000 582 0.75015
2 1000 583 0.75105
2 1000 584 0.7474
2 1000 585 0.747325
2 1000 586 0.752175
2 1000 587 0.75135
2 1000 588 0.75035
2 1000 589 0.7498
2 1000 590 0.752025
2 1000 591 0.747475
2 1000 592 0.74955
2 1000 593 0.750225
2 1000 594 0.750425
2 1000 595 0.74815
2 1000 596 0.74945
2 1000 597 0.747425
2 1000 598 0.7484
2 1000 599 0.74735
2 1000 600 0.749075
2 1000 601 0.745675
2 1000 602 0.749625
2 1000 603 0.74875
2 1000 604 0.7522
2 1000 605 0.75065
2 1000 606 0.746975
2 1000 607 0.746525
2 1000 608 0.74665
2 1000 609 0.749625
2 1000 610 0.748725
2 1000 611 0.749075
2 1000 612 0.748475
2 1000 613 0.7474
2 1000 614 0.74715
2 1000 615 0.747975
2 1000 616 0.7497
2 1000 617 0.749325
2 1000 618 0.745875
2 1000 619 0.74715
2 1000 620 0.747
2 1000 621 0.747225
2 1000 622 0.747325
2 1000 623 0.7498
2 1000 624 0.74755
2 1000 625 0.748725
2 1000 626 0.74825
2 1000 627 0.75055
2 1000 628 0.751275
2 1000 629 0.745225
2 1000 630 0.7496
2 1000 631 0.7489
2 1000 632 0.74995
2 1000 633 0.74615
2 1000 634 0.750925
2 1000 635 0.74925
2 1000 636 0.74595
2 1000 637 0.747725
2 1000 638 0.749275
2 1000 639 0.7506
2 1000 640 0.7487
2 1000 641 0.751775
2 1000 642 0.748325
2 1000 643 0.75095
2 1000 644 0.75
2 1000 645 0.7493
2 1000 646 0.748575
2 1000 647 0.745025
2 1000 648 0.748875
2 1000 649 0.74775
2 1000 650 0.748425
2 1000 651 0.74765
2 1000 652 0.74635
2 1000 653 0.74695
2 1000 654 0.746
2 1000 655 0.74765
2 1000 656 0.749575
2 1000 657 0.751275
2 1000 658 0.747275
2 1000 659 0.7512
2 1000 660 0.748325
2 1000 661 0.7484
2 1000 662 0.750025
2 1000 663 0.74705
2 1000 664 0.74985
2 1000 665 0.748175
2 1000 666 0.74755
2 1000 667 0.74605
2 1000 668 0.748575
2 1000 669 0.7482
2 1000 670 0.75005
2 1000 671 0.747625
2 1000 672 0.74585
2 1000 673 0.74495
2 1000 674 0.748475
2 1000 675 0.745675
2 1000 676 0.743475
2 1000 677 0.748
2 1000 678 0.7487
2 1000 679 0.74795
2 1000 680 0.748575
2 1000 681 0.7484
2 1000 682 0.745775
2 1000 683 0.749125
2 1000 684 0.748375
2 1000 685 0.748525
2 1000 686 0.748
2 1000 687 0.747725
2 1000 688 0.748275
2 1000 689 0.74725
2 1000 690 0.75
2 1000 691 0.747125
2 1000 692 0.749075
2 1000 693 0.746125
2 1000 694 0.745625
2 1000 695 0.7454
2 1000 696 0.7471
2 1000 697 0.74745
2 1000 698 0.7489
2 1000 699 0.748325
2 1000 700 0.74765
2 1000 701 0.746725
2 1000 702 0.745975
2 1000 703 0.749475
2 1000 704 0.74505
2 1000 705 0.748775
2 1000 706 0.749
2 1000 707 0.74745
2 1000 708 0.749375
2 1000 709 0.744
2 1000 710 0.746475
2 1000 711 0.752575
2 1000 712 0.7454
2 1000 713 0.74625
2 1000 714 0.746625
2 1000 715 0.74825
2 1000 716 0.747775
2 1000 717 0.74765
2 1000 718 0.745075
2 1000 719 0.7429
2 1000 720 0.743875
2 1000 721 0.744325
2 1000 722 0.7469
2 1000 723 0.74575
2 1000 724 0.746725
2 1000 725 0.74595
2 1000 726 0.74335
2 1000 727 0.743175
2 1000 728 0.74715
2 1000 729 0.7466
2 1000 730 0.747775
2 1000 731 0.744975
2 1000 732 0.747075
2 1000 733 0.743175
2 1000 734 0.7458
2 1000 735 0.7448
2 1000 736 0.746175
2 1000 737 0.746975
2 1000 738 0.74615
2 1000 739 0.74685
2 1000 740 0.746575
2 1000 741 0.7467
2 1000 742 0.7417
2 1000 743 0.7446
2 1000 744 0.7404
2 1000 745 0.7426
2 1000 746 0.748275
2 1000 747 0.74635
2 1000 748 0.74555
2 1000 749 0.743275
2 1000 750 0.7464
2 1000 751 0.746
2 1000 752 0.74415
2 1000 753 0.742925
2 1000 754 0.747225
2 1000 755 0.747225
2 1000 756 0.744825
2 1000 757 0.744575
2 1000 758 0.743775
2 1000 759 0.7485
2 1000 760 0.7456
2 1000 761 0.7463
2 1000 762 0.7444
2 1000 763 0.7434
2 1000 764 0.74345
2 1000 765 0.7455
2 1000 766 0.747725
2 1000 767 0.74335
2 1000 768 0.74195
2 1000 769 0.744825
2 1000 770 0.741175
2 1000 771 0.740575
2 1000 772 0.74335
2 1000 773 0.743275
2 1000 774 0.7419
2 1000 775 0.7462
2 1000 776 0.743925
2 1000 777 0.7411
2 1000 778 0.745025
2 1000 779 0.743375
2 1000 780 0.746175
2 1000 781 0.7394
2 1000 782 0.7419
2 1000 783 0.738825
2 1000 784 0.742325
2 1000 785 0.744125
2 1000 786 0.743475
2 1000 787 0.742225
2 1000 788 0.7428
2 1000 789 0.7426
2 1000 790 0.740925
2 1000 791 0.740725
2 1000 792 0.736
2 1000 793 0.740075
2 1000 794 0.74195
2 1000 795 0.74535
2 1000 796 0.744025
2 1000 797 0.743075
2 1000 798 0.73965
2 1000 799 0.741375
2 1000 800 0.743
2 1000 801 0.742725
2 1000 802 0.7453
2 1000 803 0.741725
2 1000 804 0.7434
2 1000 805 0.742825
2 1000 806 0.73985
2 1000 807 0.740725
2 1000 808 0.7441
2 1000 809 0.74405
2 1000 810 0.7419
2 1000 811 0.7404
2 1000 812 0.741925
2 1000 813 0.73595
2 1000 814 0.742475
2 1000 815 0.734075
2 1000 816 0.744075
2 1000 817 0.743675
2 1000 818 0.737325
2 1000 819 0.74165
2 1000 820 0.7413
2 1000 821 0.73755
2 1000 822 0.741425
2 1000 823 0.7391
2 1000 824 0.740225
2 1000 825 0.73535
2 1000 826 0.736725
2 1000 827 0.740375
2 1000 828 0.73895
2 1000 829 0.7418
2 1000 830 0.736775
2 1000 831 0.739425
2 1000 832 0.739975
2 1000 833 0.7387
2 1000 834 0.739975
2 1000 835 0.73685
2 1000 836 0.736975
2 1000 837 0.73655
2 1000 838 0.738525
2 1000 839 0.735325
2 1000 840 0.7349
2 1000 841 0.7368
2 1000 842 0.7374
2 1000 843 0.7376
2 1000 844 0.73585
2 1000 845 0.739325
2 1000 846 0.738875
2 1000 847 0.7384
2 1000 848 0.738775
2 1000 849 0.737575
2 1000 850 0.737
2 1000 851 0.73675
2 1000 852 0.7379
2 1000 853 0.7357
2 1000 854 0.734
2 1000 855 0.7386
2 1000 856 0.740375
2 1000 857 0.73275
2 1000 858 0.73835
2 1000 859 0.73875
2 1000 860 0.731825
2 1000 861 0.735375
2 1000 862 0.736075
2 1000 863 0.73835
2 1000 864 0.739375
2 1000 865 0.73445
2 1000 866 0.734975
2 1000 867 0.73475
2 1000 868 0.738525
2 1000 869 0.736925
2 1000 870 0.732975
2 1000 871 0.7332
2 1000 872 0.737025
2 1000 873 0.736675
2 1000 874 0.7345
2 1000 875 0.732825
2 1000 876 0.7311
2 1000 877 0.7327
2 1000 878 0.7381
2 1000 879 0.7358
2 1000 880 0.732875
2 1000 881 0.737025
2 1000 882 0.7349
2 1000 883 0.733125
2 1000 884 0.732975
2 1000 885 0.733725
2 1000 886 0.735025
2 1000 887 0.733825
2 1000 888 0.734075
2 1000 889 0.735775
2 1000 890 0.73195
2 1000 891 0.729775
2 1000 892 0.7342
2 1000 893 0.73285
2 1000 894 0.732775
2 1000 895 0.7321
2 1000 896 0.73165
2 1000 897 0.732975
2 1000 898 0.730475
2 1000 899 0.73325
2 1000 900 0.728725
2 1000 901 0.73595
2 1000 902 0.7337
2 1000 903 0.729725
2 1000 904 0.73205
2 1000 905 0.7326
2 1000 906 0.732825
2 1000 907 0.734625
2 1000 908 0.727725
2 1000 909 0.731975
2 1000 910 0.72865
2 1000 911 0.731
2 1000 912 0.7285
2 1000 913 0.73365
2 1000 914 0.72985
2 1000 915 0.731325
2 1000 916 0.72915
2 1000 917 0.73115
2 1000 918 0.7341
2 1000 919 0.731025
2 1000 920 0.7305
2 1000 921 0.731425
2 1000 922 0.726425
2 1000 923 0.727675
2 1000 924 0.7278
2 1000 925 0.7291
2 1000 926 0.727875
2 1000 927 0.729
2 1000 928 0.728975
2 1000 929 0.730825
2 1000 930 0.730125
2 1000 931 0.732275
2 1000 932 0.727975
2 1000 933 0.72955
2 1000 934 0.7291
2 1000 935 0.7289
2 1000 936 0.7285
2 1000 937 0.7297
2 1000 938 0.72955
2 1000 939 0.727325
2 1000 940 0.7306
2 1000 941 0.72825
2 1000 942 0.729775
2 1000 943 0.728325
2 1000 944 0.731675
2 1000 945 0.726775
2 1000 946 0.7263
2 1000 947 0.7257
2 1000 948 0.723925
2 1000 949 0.72895
2 1000 950 0.725325
2 1000 951 0.725525
2 1000 952 0.725425
2 1000 953 0.7298
2 1000 954 0.7294
2 1000 955 0.7301
2 1000 956 0.7262
2 1000 957 0.725925
2 1000 958 0.728775
2 1000 959 0.72435
2 1000 960 0.72765
2 1000 961 0.72395
2 1000 962 0.7239
2 1000 963 0.72625
2 1000 964 0.723775
2 1000 965 0.724075
2 1000 966 0.72555
2 1000 967 0.72445
2 1000 968 0.7241
2 1000 969 0.722825
2 1000 970 0.7258
2 1000 971 0.72545
2 1000 972 0.73
2 1000 973 0.7268
2 1000 974 0.72505
2 1000 975 0.722675
2 1000 976 0.726825
2 1000 977 0.725425
2 1000 978 0.723675
2 1000 979 0.7276
2 1000 980 0.7251
2 1000 981 0.7261
2 1000 982 0.7269
2 1000 983 0.72415
2 1000 984 0.7263
2 1000 985 0.72445
2 1000 986 0.72645
2 1000 987 0.72695
2 1000 988 0.725975
2 1000 989 0.7281
2 1000 990 0.721975
2 1000 991 0.72625
2 1000 992 0.728675
2 1000 993 0.723675
2 1000 994 0.728
2 1000 995 0.726825
2 1000 996 0.7259
2 1000 997 0.7303
2 1000 998 0.727525
2 1000 999 0.72795
2 1000 1000 0.7305
2 1000 1001 0.730075
