1 100 1 0.507205
1 100 2 0.51645
1 100 3 0.524
1 100 4 0.53605
1 100 5 0.5397
1 100 6 0.53965
1 100 7 0.547475
1 100 8 0.5488
1 100 9 0.5522
1 100 10 0.559875
1 100 11 0.561075
1 100 12 0.560275
1 100 13 0.5698
1 100 14 0.56845
1 100 15 0.5702
1 100 16 0.570275
1 100 17 0.581825
1 100 18 0.5647
1 100 19 0.568825
1 100 20 0.576625
1 100 21 0.5777
1 100 22 0.578
1 100 23 0.579675
1 100 24 0.577775
1 100 25 0.58585
1 100 26 0.57845
1 100 27 0.577475
1 100 28 0.5822
1 100 29 0.588375
1 100 30 0.583775
1 100 31 0.5822
1 100 32 0.582925
1 100 33 0.5868
1 100 34 0.584575
1 100 35 0.586725
1 100 36 0.58355
1 100 37 0.583175
1 100 38 0.585975
1 100 39 0.588375
1 100 40 0.590725
1 100 41 0.5884
1 100 42 0.59105
1 100 43 0.591025
1 100 44 0.5963
1 100 45 0.586175
1 100 46 0.594175
1 100 47 0.59615
1 100 48 0.595475
1 100 49 0.59155
1 100 50 0.598075
1 100 51 0.59755
1 100 52 0.5935
1 100 53 0.594025
1 100 54 0.590975
1 100 55 0.595125
1 100 56 0.5942
1 100 57 0.594175
1 100 58 0.597475
1 100 59 0.59805
1 100 60 0.59545
1 100 61 0.597475
1 100 62 0.596525
1 100 63 0.5991
1 100 64 0.59735
1 100 65 0.6029
1 100 66 0.5939
1 100 67 0.59495
1 100 68 0.597775
1 100 69 0.597925
1 100 70 0.595575
1 100 71 0.5984
1 100 72 0.5949
1 100 73 0.5956
1 100 74 0.591875
1 100 75 0.592375
1 100 76 0.59165
1 100 77 0.595325
1 100 78 0.59055
1 100 79 0.591325
1 100 80 0.593775
1 100 81 0.595475
1 100 82 0.5955
1 100 83 0.59505
1 100 84 0.5956
1 100 85 0.5953
1 100 86 0.593325
1 100 87 0.590475
1 100 88 0.5933
1 100 89 0.596175
1 100 90 0.594175
1 100 91 0.59485
1 100 92 0.5954
1 100 93 0.5949
1 100 94 0.5987
1 100 95 0.59515
1 100 96 0.603925
1 100 97 0.598325
1 100 98 0.600125
1 100 99 0.602175
1 100 100 0.601675
1 100 101 0.60285
1 100 102 0.5997
1 100 103 0.604475
1 100 104 0.60335
1 100 105 0.59845
1 100 106 0.5987
1 100 107 0.60035
1 100 108 0.6035
1 100 109 0.5997
1 100 110 0.59865
1 100 111 0.5974
1 100 112 0.602
1 100 113 0.6032
1 100 114 0.599875
1 100 115 0.59875
1 100 116 0.597825
1 100 117 0.598125
1 100 118 0.600975
1 100 119 0.5968
1 100 120 0.59875
1 100 121 0.601475
1 100 122 0.599575
1 100 123 0.600575
1 100 124 0.604125
1 100 125 0.600975
1 100 126 0.603175
1 100 127 0.603075
1 100 128 0.603325
1 100 129 0.603925
1 100 130 0.6031
1 100 131 0.598175
1 100 132 0.60455
1 100 133 0.60395
1 100 134 0.60085
1 100 135 0.6014
1 100 136 0.602825
1 100 137 0.60555
1 100 138 0.600625
1 100 139 0.602475
1 100 140 0.60345
1 100 141 0.6011
1 100 142 0.6064
1 100 143 0.604375
1 100 144 0.6015
1 100 145 0.6008
1 100 146 0.6024
1 100 147 0.6039
1 100 148 0.603525
1 100 149 0.60585
1 100 150 0.602025
1 100 151 0.60245
1 100 152 0.605725
1 100 153 0.60695
1 100 154 0.606175
1 100 155 0.606225
1 100 156 0.6037
1 100 157 0.604875
1 100 158 0.6072
1 100 159 0.606375
1 100 160 0.6043
1 100 161 0.606125
1 100 162 0.605825
1 100 163 0.603725
1 100 164 0.608075
1 100 165 0.60635
1 100 166 0.604975
1 100 167 0.606775
1 100 168 0.604825
1 100 169 0.605475
1 100 170 0.607075
1 100 171 0.60225
1 100 172 0.6056
1 100 173 0.60175
1 100 174 0.6022
1 100 175 0.60385
1 100 176 0.60115
1 100 177 0.602625
1 100 178 0.6002
1 100 179 0.60115
1 100 180 0.601525
1 100 181 0.60055
1 100 182 0.6006
1 100 183 0.605275
1 100 184 0.596675
1 100 185 0.59845
1 100 186 0.59945
1 100 187 0.60015
1 100 188 0.59735
1 100 189 0.599425
1 100 190 0.600075
1 100 191 0.601075
1 100 192 0.595675
1 100 193 0.600875
1 100 194 0.600025
1 100 195 0.6015
1 100 196 0.6
1 100 197 0.5949
1 100 198 0.59695
1 100 199 0.598425
1 100 200 0.600775
1 100 201 0.60085
1 100 202 0.6008
1 100 203 0.598225
1 100 204 0.600075
1 100 205 0.5986
1 100 206 0.59805
1 100 207 0.594025
1 100 208 0.598875
1 100 209 0.602225
1 100 210 0.59975
1 100 211 0.5949
1 100 212 0.5961
1 100 213 0.59625
1 100 214 0.5959
1 100 215 0.60035
1 100 216 0.59585
1 100 217 0.59335
1 100 218 0.60035
1 100 219 0.599475
1 100 220 0.6
1 100 221 0.6
1 100 222 0.595725
1 100 223 0.60025
1 100 224 0.597175
1 100 225 0.596475
1 100 226 0.596525
1 100 227 0.59605
1 100 228 0.5951
1 100 229 0.598925
1 100 230 0.598975
1 100 231 0.597025
1 100 232 0.597275
1 100 233 0.595725
1 100 234 0.59655
1 100 235 0.596875
1 100 236 0.6013
1 100 237 0.5934
1 100 238 0.597125
1 100 239 0.600575
1 100 240 0.594575
1 100 241 0.595575
1 100 242 0.594925
1 100 243 0.5991
1 100 244 0.596675
1 100 245 0.5942
1 100 246 0.597425
1 100 247 0.59465
1 100 248 0.596375
1 100 249 0.597075
1 100 250 0.59335
1 100 251 0.59935
1 100 252 0.599825
1 100 253 0.596225
1 100 254 0.598425
1 100 255 0.597
1 100 256 0.59825
1 100 257 0.59945
1 100 258 0.6003
1 100 259 0.601575
1 100 260 0.5969
1 100 261 0.598275
1 100 262 0.598525
1 100 263 0.5968
1 100 264 0.592825
1 100 265 0.600375
1 100 266 0.598675
1 100 267 0.5984
1 100 268 0.595775
1 100 269 0.59615
1 100 270 0.5917
1 100 271 0.593625
1 100 272 0.595375
1 100 273 0.59225
1 100 274 0.59725
1 100 275 0.59495
1 100 276 0.596
1 100 277 0.595625
1 100 278 0.598075
1 100 279 0.60045
1 100 280 0.59505
1 100 281 0.596125
1 100 282 0.59395
1 100 283 0.59425
1 100 284 0.595475
1 100 285 0.5908
1 100 286 0.592875
1 100 287 0.599875
1 100 288 0.599525
1 100 289 0.596325
1 100 290 0.59425
1 100 291 0.594375
1 100 292 0.596875
1 100 293 0.593625
1 100 294 0.595975
1 100 295 0.595075
1 100 296 0.601525
1 100 297 0.593875
1 100 298 0.59405
1 100 299 0.597775
1 100 300 0.595975
1 100 301 0.594
1 100 302 0.5955
1 100 303 0.59325
1 100 304 0.597575
1 100 305 0.596625
1 100 306 0.595325
1 100 307 0.593625
1 100 308 0.59555
1 100 309 0.5944
1 100 310 0.5936
1 100 311 0.592425
1 100 312 0.59375
1 100 313 0.5929
1 100 314 0.589475
1 100 315 0.594125
1 100 316 0.592775
1 100 317 0.591175
1 100 318 0.588175
1 100 319 0.5968
1 100 320 0.5895
1 100 321 0.5961
1 100 322 0.591725
1 100 323 0.590625
1 100 324 0.591275
1 100 325 0.594825
1 100 326 0.59355
1 100 327 0.590125
1 100 328 0.5908
1 100 329 0.59265
1 100 330 0.5876
1 100 331 0.591
1 100 332 0.590475
1 100 333 0.589725
1 100 334 0.5869
1 100 335 0.59155
1 100 336 0.590275
1 100 337 0.5893
1 100 338 0.5948
1 100 339 0.59015
1 100 340 0.5876
1 100 341 0.593925
1 100 342 0.59205
1 100 343 0.5913
1 100 344 0.589175
1 100 345 0.591675
1 100 346 0.590875
1 100 347 0.5906
1 100 348 0.594225
1 100 349 0.5918
1 100 350 0.5952
1 100 351 0.594325
1 100 352 0.59185
1 100 353 0.592975
1 100 354 0.594025
1 100 355 0.5901
1 100 356 0.593125
1 100 357 0.595
1 100 358 0.5895
1 100 359 0.59435
1 100 360 0.59305
1 100 361 0.594175
1 100 362 0.5898
1 100 363 0.59385
1 100 364 0.5958
1 100 365 0.593625
1 100 366 0.5931
1 100 367 0.59665
1 100 368 0.594
1 100 369 0.595875
1 100 370 0.59425
1 100 371 0.5923
1 100 372 0.5965
1 100 373 0.59675
1 100 374 0.59525
1 100 375 0.5952
1 100 376 0.5975
1 100 377 0.5958
1 100 378 0.596775
1 100 379 0.596975
1 100 380 0.5944
1 100 381 0.595725
1 100 382 0.598825
1 100 383 0.597175
1 100 384 0.59755
1 100 385 0.593225
1 100 386 0.59525
1 100 387 0.596625
1 100 388 0.5928
1 100 389 0.5962
1 100 390 0.595725
1 100 391 0.5946
1 100 392 0.59635
1 100 393 0.593125
1 100 394 0.5981
1 100 395 0.597075
1 100 396 0.596525
1 100 397 0.5982
1 100 398 0.596925
1 100 399 0.59865
1 100 400 0.598275
1 100 401 0.60025
1 100 402 0.6011
1 100 403 0.60045
1 100 404 0.5955
1 100 405 0.599475
1 100 406 0.600575
1 100 407 0.60415
1 100 408 0.60235
1 100 409 0.597525
1 100 410 0.59755
1 100 411 0.598575
1 100 412 0.5999
1 100 413 0.600925
1 100 414 0.596375
1 100 415 0.60175
1 100 416 0.59855
1 100 417 0.597475
1 100 418 0.59645
1 100 419 0.5962
1 100 420 0.601575
1 100 421 0.5976
1 100 422 0.600125
1 100 423 0.6
1 100 424 0.599675
1 100 425 0.60125
1 100 426 0.60275
1 100 427 0.5995
1 100 428 0.601475
1 100 429 0.59995
1 100 430 0.6006
1 100 431 0.5993
1 100 432 0.600325
1 100 433 0.601225
1 100 434 0.602625
1 100 435 0.60115
1 100 436 0.6007
1 100 437 0.599
1 100 438 0.6024
1 100 439 0.6002
1 100 440 0.601475
1 100 441 0.602075
1 100 442 0.60045
1 100 443 0.601075
1 100 444 0.60225
1 100 445 0.600375
1 100 446 0.60135
1 100 447 0.599775
1 100 448 0.599775
1 100 449 0.599175
1 100 450 0.602725
1 100 451 0.601525
1 100 452 0.604
1 100 453 0.6058
1 100 454 0.60345
1 100 455 0.600675
1 100 456 0.604075
1 100 457 0.60455
1 100 458 0.606675
1 100 459 0.6047
1 100 460 0.60355
1 100 461 0.603975
1 100 462 0.60315
1 100 463 0.60155
1 100 464 0.6048
1 100 465 0.604025
1 100 466 0.603025
1 100 467 0.601475
1 100 468 0.604375
1 100 469 0.60035
1 100 470 0.60225
1 100 471 0.604175
1 100 472 0.604425
1 100 473 0.605925
1 100 474 0.606975
1 100 475 0.602575
1 100 476 0.60695
1 100 477 0.605075
1 100 478 0.606
1 100 479 0.6076
1 100 480 0.604775
1 100 481 0.60675
1 100 482 0.6069
1 100 483 0.605175
1 100 484 0.601975
1 100 485 0.602875
1 100 486 0.6046
1 100 487 0.60775
1 100 488 0.603375
1 100 489 0.60815
1 100 490 0.606775
1 100 491 0.60655
1 100 492 0.60475
1 100 493 0.605775
1 100 494 0.6086
1 100 495 0.608625
1 100 496 0.60525
1 100 497 0.6076
1 100 498 0.607125
1 100 499 0.60685
1 100 500 0.607775
1 100 501 0.608225
1 100 502 0.6081
1 100 503 0.60625
1 100 504 0.6079
1 100 505 0.6088
1 100 506 0.6062
1 100 507 0.607725
1 100 508 0.6076
1 100 509 0.60695
1 100 510 0.6074
1 100 511 0.6068
1 100 512 0.608125
1 100 513 0.60715
1 100 514 0.605175
1 100 515 0.608375
1 100 516 0.606725
1 100 517 0.606375
1 100 518 0.6095
1 100 519 0.607325
1 100 520 0.607375
1 100 521 0.605425
1 100 522 0.6042
1 100 523 0.606775
1 100 524 0.6082
1 100 525 0.608575
1 100 526 0.6052
1 100 527 0.60625
1 100 528 0.606775
1 100 529 0.60635
1 100 530 0.60675
1 100 531 0.606275
1 100 532 0.60705
1 100 533 0.604575
1 100 534 0.607825
1 100 535 0.605475
1 100 536 0.60575
1 100 537 0.6051
1 100 538 0.610575
1 100 539 0.60275
1 100 540 0.60615
1 100 541 0.608975
1 100 542 0.601
1 100 543 0.604025
1 100 544 0.603475
1 100 545 0.6015
1 100 546 0.607975
1 100 547 0.60515
1 100 548 0.6048
1 100 549 0.601825
1 100 550 0.60485
1 100 551 0.602325
1 100 552 0.608475
1 100 553 0.602975
1 100 554 0.602475
1 100 555 0.60385
1 100 556 0.60455
1 100 557 0.603
1 100 558 0.601225
1 100 559 0.603475
1 100 560 0.60435
1 100 561 0.60675
1 100 562 0.604175
1 100 563 0.604825
1 100 564 0.605825
1 100 565 0.6022
1 100 566 0.604375
1 100 567 0.60445
1 100 568 0.604725
1 100 569 0.602075
1 100 570 0.60425
1 100 571 0.605675
1 100 572 0.606875
1 100 573 0.604675
1 100 574 0.600375
1 100 575 0.60385
1 100 576 0.603875
1 100 577 0.602625
1 100 578 0.60205
1 100 579 0.603325
1 100 580 0.605275
1 100 581 0.604875
1 100 582 0.605225
1 100 583 0.60095
1 100 584 0.600925
1 100 585 0.60505
1 100 586 0.602
1 100 587 0.601025
1 100 588 0.60345
1 100 589 0.60105
1 100 590 0.6066
1 100 591 0.5982
1 100 592 0.602975
1 100 593 0.603225
1 100 594 0.6028
1 100 595 0.604725
1 100 596 0.603225
1 100 597 0.602475
1 100 598 0.60125
1 100 599 0.6045
1 100 600 0.60205
1 100 601 0.6025
1 100 602 0.6055
1 100 603 0.60565
1 100 604 0.603125
1 100 605 0.6051
1 100 606 0.601925
1 100 607 0.60275
1 100 608 0.603225
1 100 609 0.600675
1 100 610 0.600175
1 100 611 0.6018
1 100 612 0.599925
1 100 613 0.60235
1 100 614 0.60435
1 100 615 0.599525
1 100 616 0.6032
1 100 617 0.5985
1 100 618 0.60105
1 100 619 0.6012
1 100 620 0.6053
1 100 621 0.600775
1 100 622 0.5965
1 100 623 0.598225
1 100 624 0.604275
1 100 625 0.5989
1 100 626 0.597475
1 100 627 0.600725
1 100 628 0.601925
1 100 629 0.59955
1 100 630 0.6002
1 100 631 0.59675
1 100 632 0.599725
1 100 633 0.60075
1 100 634 0.59845
1 100 635 0.598325
1 100 636 0.60215
1 100 637 0.600575
1 100 638 0.5997
1 100 639 0.5996
1 100 640 0.6
1 100 641 0.600575
1 100 642 0.596575
1 100 643 0.599525
1 100 644 0.599975
1 100 645 0.598925
1 100 646 0.6004
1 100 647 0.600075
1 100 648 0.5968
1 100 649 0.602825
1 100 650 0.5999
1 100 651 0.598725
1 100 652 0.599375
1 100 653 0.603925
1 100 654 0.5988
1 100 655 0.598125
1 100 656 0.598925
1 100 657 0.597625
1 100 658 0.594125
1 100 659 0.5989
1 100 660 0.599375
1 100 661 0.599825
1 100 662 0.59825
1 100 663 0.600575
1 100 664 0.59655
1 100 665 0.59425
1 100 666 0.5959
1 100 667 0.595875
1 100 668 0.595925
1 100 669 0.5967
1 100 670 0.59825
1 100 671 0.59615
1 100 672 0.5954
1 100 673 0.600375
1 100 674 0.598075
1 100 675 0.597975
1 100 676 0.59875
1 100 677 0.599125
1 100 678 0.594075
1 100 679 0.593425
1 100 680 0.594475
1 100 681 0.596
1 100 682 0.596625
1 100 683 0.5956
1 100 684 0.598225
1 100 685 0.594975
1 100 686 0.597125
1 100 687 0.6008
1 100 688 0.5977
1 100 689 0.59815
1 100 690 0.598375
1 100 691 0.597875
1 100 692 0.597825
1 100 693 0.596525
1 100 694 0.5982
1 100 695 0.598575
1 100 696 0.5958
1 100 697 0.59795
1 100 698 0.59605
1 100 699 0.59445
1 100 700 0.59645
1 100 701 0.595
1 100 702 0.59635
1 100 703 0.596875
1 100 704 0.597
1 100 705 0.59745
1 100 706 0.5951
1 100 707 0.593
1 100 708 0.593
1 100 709 0.60125
1 100 710 0.596
1 100 711 0.596025
1 100 712 0.5984
1 100 713 0.59565
1 100 714 0.594975
1 100 715 0.59435
1 100 716 0.594475
1 100 717 0.594025
1 100 718 0.592825
1 100 719 0.59375
1 100 720 0.595275
1 100 721 0.594525
1 100 722 0.5955
1 100 723 0.593925
1 100 724 0.5951
1 100 725 0.597225
1 100 726 0.5943
1 100 727 0.591425
1 100 728 0.59705
1 100 729 0.5964
1 100 730 0.59245
1 100 731 0.5985
1 100 732 0.597575
1 100 733 0.5954
1 100 734 0.5953
1 100 735 0.5943
1 100 736 0.59595
1 100 737 0.595775
1 100 738 0.59345
1 100 739 0.5963
1 100 740 0.594025
1 100 741 0.597425
1 100 742 0.59515
1 100 743 0.597475
1 100 744 0.59275
1 100 745 0.59015
1 100 746 0.59145
1 100 747 0.5923
1 100 748 0.59325
1 100 749 0.592925
1 100 750 0.59395
1 100 751 0.5954
1 100 752 0.589625
1 100 753 0.5933
1 100 754 0.595275
1 100 755 0.5915
1 100 756 0.596725
1 100 757 0.59065
1 100 758 0.593325
1 100 759 0.589925
1 100 760 0.594325
1 100 761 0.595775
1 100 762 0.59065
1 100 763 0.591975
1 100 764 0.5941
1 100 765 0.59245
1 100 766 0.589075
1 100 767 0.59005
1 100 768 0.5889
1 100 769 0.589925
1 100 770 0.591925
1 100 771 0.59315
1 100 772 0.5898
1 100 773 0.593575
1 100 774 0.593325
1 100 775 0.59675
1 100 776 0.594075
1 100 777 0.5917
1 100 778 0.591
1 100 779 0.59
1 100 780 0.589025
1 100 781 0.59205
1 100 782 0.592925
1 100 783 0.58965
1 100 784 0.593725
1 100 785 0.591875
1 100 786 0.59255
1 100 787 0.59375
1 100 788 0.59035
1 100 789 0.5923
1 100 790 0.589325
1 100 791 0.59095
1 100 792 0.591475
1 100 793 0.591025
1 100 794 0.592175
1 100 795 0.58865
1 100 796 0.590125
1 100 797 0.592625
1 100 798 0.590225
1 100 799 0.5908
1 100 800 0.590375
1 100 801 0.59535
1 100 802 0.589025
1 100 803 0.59335
1 100 804 0.5908
1 100 805 0.5898
1 100 806 0.592175
1 100 807 0.588325
1 100 808 0.589575
1 100 809 0.591975
1 100 810 0.589675
1 100 811 0.587775
1 100 812 0.590975
1 100 813 0.59205
1 100 814 0.590325
1 100 815 0.591825
1 100 816 0.5886
1 100 817 0.587375
1 100 818 0.5882
1 100 819 0.59125
1 100 820 0.590075
1 100 821 0.589725
1 100 822 0.5916
1 100 823 0.5898
1 100 824 0.5894
1 100 825 0.589825
1 100 826 0.589475
1 100 827 0.588625
1 100 828 0.589575
1 100 829 0.585375
1 100 830 0.58835
1 100 831 0.59045
1 100 832 0.5906
1 100 833 0.590225
1 100 834 0.592
1 100 835 0.591025
1 100 836 0.586725
1 100 837 0.587575
1 100 838 0.587125
1 100 839 0.588775
1 100 840 0.59035
1 100 841 0.589425
1 100 842 0.58535
1 100 843 0.587675
1 100 844 0.589925
1 100 845 0.585675
1 100 846 0.588225
1 100 847 0.5875
1 100 848 0.587775
1 100 849 0.587075
1 100 850 0.58625
1 100 851 0.587175
1 100 852 0.588025
1 100 853 0.5881
1 100 854 0.58505
1 100 855 0.588125
1 100 856 0.5851
1 100 857 0.5903
1 100 858 0.5879
1 100 859 0.586125
1 100 860 0.588275
1 100 861 0.5869
1 100 862 0.590125
1 100 863 0.5857
1 100 864 0.589225
1 100 865 0.58575
1 100 866 0.584875
1 100 867 0.586525
1 100 868 0.585125
1 100 869 0.5855
1 100 870 0.5856
1 100 871 0.584475
1 100 872 0.586025
1 100 873 0.58495
1 100 874 0.58295
1 100 875 0.59365
1 100 876 0.58605
1 100 877 0.588225
1 100 878 0.5846
1 100 879 0.58655
1 100 880 0.5867
1 100 881 0.5877
1 100 882 0.586525
1 100 883 0.5872
1 100 884 0.587375
1 100 885 0.5883
1 100 886 0.5854
1 100 887 0.5867
1 100 888 0.58335
1 100 889 0.58615
1 100 890 0.585075
1 100 891 0.585825
1 100 892 0.58655
1 100 893 0.584575
1 100 894 0.5827
1 100 895 0.5854
1 100 896 0.585
1 100 897 0.586825
1 100 898 0.58755
1 100 899 0.585925
1 100 900 0.589075
1 100 901 0.587375
1 100 902 0.5849
1 100 903 0.5854
1 100 904 0.583275
1 100 905 0.5875
1 100 906 0.588375
1 100 907 0.584875
1 100 908 0.582275
1 100 909 0.58345
1 100 910 0.58535
1 100 911 0.585525
1 100 912 0.58145
1 100 913 0.5835
1 100 914 0.58455
1 100 915 0.58555
1 100 916 0.584275
1 100 917 0.58555
1 100 918 0.587425
1 100 919 0.586975
1 100 920 0.582075
1 100 921 0.584625
1 100 922 0.584975
1 100 923 0.58655
1 100 924 0.586925
1 100 925 0.5849
1 100 926 0.585675
1 100 927 0.584325
1 100 928 0.580125
1 100 929 0.58155
1 100 930 0.58655
1 100 931 0.582025
1 100 932 0.584675
1 100 933 0.586375
1 100 934 0.585925
1 100 935 0.584875
1 100 936 0.583275
1 100 937 0.585775
1 100 938 0.5835
1 100 939 0.5864
1 100 940 0.583975
1 100 941 0.58405
1 100 942 0.58135
1 100 943 0.584975
1 100 944 0.580525
1 100 945 0.581475
1 100 946 0.580775
1 100 947 0.583
1 100 948 0.5823
1 100 949 0.582175
1 100 950 0.582925
1 100 951 0.5831
1 100 952 0.583975
1 100 953 0.58
1 100 954 0.583325
1 100 955 0.5835
1 100 956 0.579225
1 100 957 0.584375
1 100 958 0.582175
1 100 959 0.581825
1 100 960 0.585575
1 100 961 0.583075
1 100 962 0.581575
1 100 963 0.579625
1 100 964 0.5831
1 100 965 0.579675
1 100 966 0.5836
1 100 967 0.58055
1 100 968 0.584525
1 100 969 0.584925
1 100 970 0.5805
1 100 971 0.5798
1 100 972 0.582775
1 100 973 0.581325
1 100 974 0.579375
1 100 975 0.581875
1 100 976 0.58165
1 100 977 0.5812
1 100 978 0.583825
1 100 979 0.578
1 100 980 0.57995
1 100 981 0.581775
1 100 982 0.585025
1 100 983 0.579
1 100 984 0.579575
1 100 985 0.580625
1 100 986 0.57615
1 100 987 0.5806
1 100 988 0.5798
1 100 989 0.580475
1 100 990 0.58035
1 100 991 0.5788
1 100 992 0.5791
1 100 993 0.580975
1 100 994 0.5805
1 100 995 0.579725
1 100 996 0.5823
1 100 997 0.57915
1 100 998 0.58315
1 100 999 0.579125
1 100 1000 0.58135
1 100 1001 0.577925
2 100 1 0.5025
2 100 2 0.51735
2 100 3 0.52425
2 100 4 0.54135
2 100 5 0.538425
2 100 6 0.5379
2 100 7 0.5576
2 100 8 0.547575
2 100 9 0.55095
2 100 10 0.560625
2 100 11 0.561275
2 100 12 0.559675
2 100 13 0.564575
2 100 14 0.564675
2 100 15 0.571225
2 100 16 0.5688
2 100 17 0.575475
2 100 18 0.56925
2 100 19 0.576275
2 100 20 0.572825
2 100 21 0.576025
2 100 22 0.57705
2 100 23 0.575775
2 100 24 0.5805
2 100 25 0.580025
2 100 26 0.580275
2 100 27 0.578925
2 100 28 0.58805
2 100 29 0.585075
2 100 30 0.58565
2 100 31 0.58505
2 100 32 0.583425
2 100 33 0.58645
2 100 34 0.5862
2 100 35 0.591725
2 100 36 0.58305
2 100 37 0.58665
2 100 38 0.58415
2 100 39 0.593
2 100 40 0.5892
2 100 41 0.58905
2 100 42 0.588475
2 100 43 0.594225
2 100 44 0.590725
2 100 45 0.592275
2 100 46 0.5915
2 100 47 0.593475
2 100 48 0.593375
2 100 49 0.597
2 100 50 0.599675
2 100 51 0.594075
2 100 52 0.595975
2 100 53 0.593475
2 100 54 0.597575
2 100 55 0.595475
2 100 56 0.595225
2 100 57 0.596925
2 100 58 0.595125
2 100 59 0.601175
2 100 60 0.598875
2 100 61 0.595
2 100 62 0.600125
2 100 63 0.59995
2 100 64 0.596775
2 100 65 0.5984
2 100 66 0.600675
2 100 67 0.5965
2 100 68 0.5975
2 100 69 0.5957
2 100 70 0.5951
2 100 71 0.594775
2 100 72 0.594475
2 100 73 0.594775
2 100 74 0.592875
2 100 75 0.593425
2 100 76 0.58955
2 100 77 0.593725
2 100 78 0.59095
2 100 79 0.593725
2 100 80 0.591
2 100 81 0.5942
2 100 82 0.5936
2 100 83 0.589025
2 100 84 0.594925
2 100 85 0.59095
2 100 86 0.59135
2 100 87 0.590225
2 100 88 0.592325
2 100 89 0.591975
2 100 90 0.59065
2 100 91 0.596075
2 100 92 0.596125
2 100 93 0.59865
2 100 94 0.595775
2 100 95 0.5964
2 100 96 0.59815
2 100 97 0.5985
2 100 98 0.60275
2 100 99 0.60275
2 100 100 0.605925
2 100 101 0.598475
2 100 102 0.600275
2 100 103 0.602675
2 100 104 0.600875
2 100 105 0.602275
2 100 106 0.5984
2 100 107 0.601525
2 100 108 0.6011
2 100 109 0.599625
2 100 110 0.597575
2 100 111 0.6018
2 100 112 0.599725
2 100 113 0.601025
2 100 114 0.59925
2 100 115 0.600125
2 100 116 0.599475
2 100 117 0.6007
2 100 118 0.6006
2 100 119 0.59795
2 100 120 0.599975
2 100 121 0.59915
2 100 122 0.604325
2 100 123 0.601875
2 100 124 0.599925
2 100 125 0.600125
2 100 126 0.604975
2 100 127 0.60075
2 100 128 0.603325
2 100 129 0.6046
2 100 130 0.603625
2 100 131 0.599
2 100 132 0.603025
2 100 133 0.600925
2 100 134 0.6037
2 100 135 0.6028
2 100 136 0.602325
2 100 137 0.604725
2 100 138 0.603875
2 100 139 0.6014
2 100 140 0.602675
2 100 141 0.60395
2 100 142 0.605325
2 100 143 0.604275
2 100 144 0.60365
2 100 145 0.60735
2 100 146 0.602575
2 100 147 0.605825
2 100 148 0.605075
2 100 149 0.60205
2 100 150 0.606575
2 100 151 0.605725
2 100 152 0.60295
2 100 153 0.60365
2 100 154 0.60645
2 100 155 0.60145
2 100 156 0.605
2 100 157 0.6036
2 100 158 0.60425
2 100 159 0.6026
2 100 160 0.60505
2 100 161 0.604
2 100 162 0.60675
2 100 163 0.6088
2 100 164 0.60485
2 100 165 0.6052
2 100 166 0.6037
2 100 167 0.604425
2 100 168 0.60725
2 100 169 0.6034
2 100 170 0.604
2 100 171 0.6029
2 100 172 0.601325
2 100 173 0.604275
2 100 174 0.6061
2 100 175 0.602725
2 100 176 0.60245
2 100 177 0.603725
2 100 178 0.598025
2 100 179 0.6022
2 100 180 0.5997
2 100 181 0.598925
2 100 182 0.6004
2 100 183 0.600625
2 100 184 0.599625
2 100 185 0.600925
2 100 186 0.601025
2 100 187 0.600625
2 100 188 0.597525
2 100 189 0.6002
2 100 190 0.6017
2 100 191 0.598
2 100 192 0.59685
2 100 193 0.5987
2 100 194 0.601225
2 100 195 0.599575
2 100 196 0.59715
2 100 197 0.595525
2 100 198 0.59495
2 100 199 0.601075
2 100 200 0.600725
2 100 201 0.599775
2 100 202 0.5964
2 100 203 0.6008
2 100 204 0.59955
2 100 205 0.5956
2 100 206 0.6023
2 100 207 0.59445
2 100 208 0.59825
2 100 209 0.59855
2 100 210 0.5992
2 100 211 0.59845
2 100 212 0.600225
2 100 213 0.5973
2 100 214 0.59515
2 100 215 0.597
2 100 216 0.594075
2 100 217 0.597375
2 100 218 0.594725
2 100 219 0.59675
2 100 220 0.5959
2 100 221 0.595225
2 100 222 0.597
2 100 223 0.60015
2 100 224 0.595
2 100 225 0.59785
2 100 226 0.59745
2 100 227 0.594925
2 100 228 0.5999
2 100 229 0.59745
2 100 230 0.598075
2 100 231 0.5968
2 100 232 0.59745
2 100 233 0.59515
2 100 234 0.5921
2 100 235 0.59325
2 100 236 0.596125
2 100 237 0.59465
2 100 238 0.5969
2 100 239 0.596225
2 100 240 0.597925
2 100 241 0.596475
2 100 242 0.595375
2 100 243 0.598325
2 100 244 0.599275
2 100 245 0.600775
2 100 246 0.5968
2 100 247 0.598425
2 100 248 0.5966
2 100 249 0.595525
2 100 250 0.59905
2 100 251 0.60145
2 100 252 0.596925
2 100 253 0.5941
2 100 254 0.5949
2 100 255 0.599375
2 100 256 0.597
2 100 257 0.6026
2 100 258 0.597725
2 100 259 0.597975
2 100 260 0.60175
2 100 261 0.598875
2 100 262 0.596225
2 100 263 0.599375
2 100 264 0.598475
2 100 265 0.595225
2 100 266 0.599075
2 100 267 0.5993
2 100 268 0.5995
2 100 269 0.5947
2 100 270 0.597975
2 100 271 0.59875
2 100 272 0.594475
2 100 273 0.59845
2 100 274 0.600125
2 100 275 0.598425
2 100 276 0.5972
2 100 277 0.593025
2 100 278 0.59735
2 100 279 0.5946
2 100 280 0.597975
2 100 281 0.594775
2 100 282 0.596225
2 100 283 0.593575
2 100 284 0.596175
2 100 285 0.594475
2 100 286 0.5939
2 100 287 0.591875
2 100 288 0.59505
2 100 289 0.594925
2 100 290 0.593925
2 100 291 0.5977
2 100 292 0.59655
2 100 293 0.59525
2 100 294 0.59125
2 100 295 0.5948
2 100 296 0.598775
2 100 297 0.596925
2 100 298 0.594125
2 100 299 0.594975
2 100 300 0.595525
2 100 301 0.5942
2 100 302 0.598475
2 100 303 0.594
2 100 304 0.597825
2 100 305 0.594925
2 100 306 0.59165
2 100 307 0.5919
2 100 308 0.59675
2 100 309 0.5961
2 100 310 0.592925
2 100 311 0.59195
2 100 312 0.58995
2 100 313 0.5933
2 100 314 0.592525
2 100 315 0.5955
2 100 316 0.591075
2 100 317 0.592125
2 100 318 0.593475
2 100 319 0.591075
2 100 320 0.594
2 100 321 0.59255
2 100 322 0.59175
2 100 323 0.592825
2 100 324 0.590075
2 100 325 0.593525
2 100 326 0.592175
2 100 327 0.59145
2 100 328 0.591875
2 100 329 0.59355
2 100 330 0.59725
2 100 331 0.590375
2 100 332 0.591475
2 100 333 0.5922
2 100 334 0.589275
2 100 335 0.59185
2 100 336 0.592475
2 100 337 0.59425
2 100 338 0.595025
2 100 339 0.594825
2 100 340 0.589275
2 100 341 0.587775
2 100 342 0.58715
2 100 343 0.59265
2 100 344 0.59315
2 100 345 0.592225
2 100 346 0.5894
2 100 347 0.5906
2 100 348 0.592475
2 100 349 0.59425
2 100 350 0.58855
2 100 351 0.5964
2 100 352 0.5911
2 100 353 0.59155
2 100 354 0.594025
2 100 355 0.5913
2 100 356 0.5942
2 100 357 0.5923
2 100 358 0.5953
2 100 359 0.595425
2 100 360 0.594375
2 100 361 0.5908
2 100 362 0.596575
2 100 363 0.59485
2 100 364 0.593575
2 100 365 0.590775
2 100 366 0.591575
2 100 367 0.594475
2 100 368 0.59815
2 100 369 0.593725
2 100 370 0.594975
2 100 371 0.59325
2 100 372 0.59495
2 100 373 0.59525
2 100 374 0.597225
2 100 375 0.598775
2 100 376 0.59635
2 100 377 0.597975
2 100 378 0.59375
2 100 379 0.60035
2 100 380 0.595075
2 100 381 0.594775
2 100 382 0.59275
2 100 383 0.595475
2 100 384 0.595
2 100 385 0.592175
2 100 386 0.5952
2 100 387 0.594375
2 100 388 0.59655
2 100 389 0.59595
2 100 390 0.594275
2 100 391 0.59695
2 100 392 0.5951
2 100 393 0.599125
2 100 394 0.59925
2 100 395 0.596975
2 100 396 0.598425
2 100 397 0.595475
2 100 398 0.59815
2 100 399 0.5971
2 100 400 0.597375
2 100 401 0.601325
2 100 402 0.593125
2 100 403 0.595675
2 100 404 0.601075
2 100 405 0.59995
2 100 406 0.5974
2 100 407 0.597875
2 100 408 0.5978
2 100 409 0.599525
2 100 410 0.601325
2 100 411 0.5988
2 100 412 0.59895
2 100 413 0.596475
2 100 414 0.60145
2 100 415 0.597675
2 100 416 0.598625
2 100 417 0.597225
2 100 418 0.596775
2 100 419 0.601875
2 100 420 0.597375
2 100 421 0.5986
2 100 422 0.60185
2 100 423 0.600075
2 100 424 0.60115
2 100 425 0.596725
2 100 426 0.60005
2 100 427 0.602125
2 100 428 0.599175
2 100 429 0.602075
2 100 430 0.601375
2 100 431 0.5998
2 100 432 0.59565
2 100 433 0.6016
2 100 434 0.59755
2 100 435 0.604525
2 100 436 0.603
2 100 437 0.59875
2 100 438 0.604
2 100 439 0.601
2 100 440 0.602625
2 100 441 0.600975
2 100 442 0.60105
2 100 443 0.601775
2 100 444 0.6022
2 100 445 0.601425
2 100 446 0.60075
2 100 447 0.601025
2 100 448 0.60195
2 100 449 0.603225
2 100 450 0.59865
2 100 451 0.600225
2 100 452 0.605825
2 100 453 0.60285
2 100 454 0.60565
2 100 455 0.60265
2 100 456 0.599675
2 100 457 0.605175
2 100 458 0.60265
2 100 459 0.603175
2 100 460 0.6047
2 100 461 0.603375
2 100 462 0.604675
2 100 463 0.605775
2 100 464 0.602925
2 100 465 0.603175
2 100 466 0.603625
2 100 467 0.605175
2 100 468 0.60785
2 100 469 0.605975
2 100 470 0.6072
2 100 471 0.603425
2 100 472 0.605275
2 100 473 0.603775
2 100 474 0.60525
2 100 475 0.60125
2 100 476 0.602
2 100 477 0.611075
2 100 478 0.608
2 100 479 0.603575
2 100 480 0.605575
2 100 481 0.6056
2 100 482 0.607525
2 100 483 0.60695
2 100 484 0.6026
2 100 485 0.607825
2 100 486 0.60375
2 100 487 0.607325
2 100 488 0.60605
2 100 489 0.604075
2 100 490 0.6057
2 100 491 0.60275
2 100 492 0.603525
2 100 493 0.6078
2 100 494 0.604425
2 100 495 0.6064
2 100 496 0.60415
2 100 497 0.606475
2 100 498 0.60935
2 100 499 0.6067
2 100 500 0.6088
2 100 501 0.6105
2 100 502 0.6106
2 100 503 0.6108
2 100 504 0.608025
2 100 505 0.6071
2 100 506 0.60675
2 100 507 0.6057
2 100 508 0.605025
2 100 509 0.606925
2 100 510 0.605475
2 100 511 0.60565
2 100 512 0.609525
2 100 513 0.6077
2 100 514 0.610175
2 100 515 0.60915
2 100 516 0.6056
2 100 517 0.60825
2 100 518 0.606175
2 100 519 0.6062
2 100 520 0.606
2 100 521 0.6009
2 100 522 0.60595
2 100 523 0.6004
2 100 524 0.60415
2 100 525 0.606575
2 100 526 0.606775
2 100 527 0.603925
2 100 528 0.611375
2 100 529 0.604875
2 100 530 0.6066
2 100 531 0.605775
2 100 532 0.60435
2 100 533 0.602775
2 100 534 0.606125
2 100 535 0.60525
2 100 536 0.6073
2 100 537 0.606325
2 100 538 0.6038
2 100 539 0.6049
2 100 540 0.605725
2 100 541 0.600325
2 100 542 0.60585
2 100 543 0.60705
2 100 544 0.603225
2 100 545 0.604925
2 100 546 0.604625
2 100 547 0.60655
2 100 548 0.601425
2 100 549 0.601725
2 100 550 0.60635
2 100 551 0.60575
2 100 552 0.601925
2 100 553 0.6002
2 100 554 0.60385
2 100 555 0.604275
2 100 556 0.603675
2 100 557 0.6021
2 100 558 0.602225
2 100 559 0.60295
2 100 560 0.603225
2 100 561 0.60335
2 100 562 0.604025
2 100 563 0.6015
2 100 564 0.604975
2 100 565 0.6021
2 100 566 0.605375
2 100 567 0.601825
2 100 568 0.602475
2 100 569 0.604925
2 100 570 0.601275
2 100 571 0.60315
2 100 572 0.6045
2 100 573 0.6022
2 100 574 0.605225
2 100 575 0.6016
2 100 576 0.602
2 100 577 0.6048
2 100 578 0.600875
2 100 579 0.600775
2 100 580 0.59945
2 100 581 0.6016
2 100 582 0.6017
2 100 583 0.598175
2 100 584 0.60535
2 100 585 0.601375
2 100 586 0.601925
2 100 587 0.60505
2 100 588 0.601975
2 100 589 0.600825
2 100 590 0.603725
2 100 591 0.602525
2 100 592 0.601275
2 100 593 0.601075
2 100 594 0.601125
2 100 595 0.60155
2 100 596 0.603025
2 100 597 0.604325
2 100 598 0.602825
2 100 599 0.601525
2 100 600 0.60025
2 100 601 0.6013
2 100 602 0.603775
2 100 603 0.602125
2 100 604 0.604025
2 100 605 0.6014
2 100 606 0.605775
2 100 607 0.598475
2 100 608 0.602975
2 100 609 0.600175
2 100 610 0.603425
2 100 611 0.603025
2 100 612 0.6008
2 100 613 0.602475
2 100 614 0.6
2 100 615 0.60375
2 100 616 0.5991
2 100 617 0.59595
2 100 618 0.6006
2 100 619 0.602725
2 100 620 0.603575
2 100 621 0.601475
2 100 622 0.6001
2 100 623 0.5987
2 100 624 0.5981
2 100 625 0.603825
2 100 626 0.60225
2 100 627 0.598725
2 100 628 0.6017
2 100 629 0.5999
2 100 630 0.60305
2 100 631 0.5987
2 100 632 0.60235
2 100 633 0.600125
2 100 634 0.59775
2 100 635 0.59855
2 100 636 0.60045
2 100 637 0.599675
2 100 638 0.59965
2 100 639 0.599075
2 100 640 0.598725
2 100 641 0.599
2 100 642 0.60095
2 100 643 0.599125
2 100 644 0.59775
2 100 645 0.600525
2 100 646 0.596275
2 100 647 0.599575
2 100 648 0.5986
2 100 649 0.59955
2 100 650 0.596675
2 100 651 0.59985
2 100 652 0.59855
2 100 653 0.596325
2 100 654 0.600375
2 100 655 0.60205
2 100 656 0.597175
2 100 657 0.59725
2 100 658 0.596875
2 100 659 0.59785
2 100 660 0.59835
2 100 661 0.60225
2 100 662 0.599925
2 100 663 0.598475
2 100 664 0.59975
2 100 665 0.599925
2 100 666 0.59935
2 100 667 0.599975
2 100 668 0.60155
2 100 669 0.5972
2 100 670 0.601625
2 100 671 0.596375
2 100 672 0.59815
2 100 673 0.595425
2 100 674 0.59795
2 100 675 0.59585
2 100 676 0.60005
2 100 677 0.597975
2 100 678 0.596725
2 100 679 0.5989
2 100 680 0.59725
2 100 681 0.5971
2 100 682 0.598775
2 100 683 0.5964
2 100 684 0.598625
2 100 685 0.597675
2 100 686 0.5971
2 100 687 0.5946
2 100 688 0.596325
2 100 689 0.5957
2 100 690 0.5947
2 100 691 0.5948
2 100 692 0.597675
2 100 693 0.597275
2 100 694 0.59825
2 100 695 0.596675
2 100 696 0.596325
2 100 697 0.598575
2 100 698 0.596625
2 100 699 0.5951
2 100 700 0.5983
2 100 701 0.59765
2 100 702 0.596475
2 100 703 0.596875
2 100 704 0.594225
2 100 705 0.594725
2 100 706 0.596975
2 100 707 0.596375
2 100 708 0.5988
2 100 709 0.60005
2 100 710 0.597025
2 100 711 0.59515
2 100 712 0.59545
2 100 713 0.59845
2 100 714 0.594625
2 100 715 0.5954
2 100 716 0.596625
2 100 717 0.59355
2 100 718 0.59355
2 100 719 0.59255
2 100 720 0.5972
2 100 721 0.59845
2 100 722 0.597925
2 100 723 0.5984
2 100 724 0.592475
2 100 725 0.594675
2 100 726 0.5953
2 100 727 0.591175
2 100 728 0.592875
2 100 729 0.59285
2 100 730 0.59555
2 100 731 0.5944
2 100 732 0.5952
2 100 733 0.5947
2 100 734 0.59475
2 100 735 0.594625
2 100 736 0.594275
2 100 737 0.59475
2 100 738 0.59465
2 100 739 0.597275
2 100 740 0.59245
2 100 741 0.5953
2 100 742 0.5951
2 100 743 0.595175
2 100 744 0.5949
2 100 745 0.5985
2 100 746 0.59195
2 100 747 0.5955
2 100 748 0.5958
2 100 749 0.5926
2 100 750 0.59165
2 100 751 0.5889
2 100 752 0.5957
2 100 753 0.5927
2 100 754 0.591875
2 100 755 0.591075
2 100 756 0.5957
2 100 757 0.59585
2 100 758 0.590825
2 100 759 0.590975
2 100 760 0.5948
2 100 761 0.5909
2 100 762 0.595225
2 100 763 0.591925
2 100 764 0.5912
2 100 765 0.59445
2 100 766 0.59135
2 100 767 0.5936
2 100 768 0.5912
2 100 769 0.589725
2 100 770 0.59115
2 100 771 0.59035
2 100 772 0.592775
2 100 773 0.596075
2 100 774 0.59385
2 100 775 0.5962
2 100 776 0.59065
2 100 777 0.587675
2 100 778 0.5917
2 100 779 0.590825
2 100 780 0.5896
2 100 781 0.58855
2 100 782 0.5914
2 100 783 0.588575
2 100 784 0.5907
2 100 785 0.591225
2 100 786 0.5927
2 100 787 0.588725
2 100 788 0.590075
2 100 789 0.589875
2 100 790 0.58975
2 100 791 0.592125
2 100 792 0.59175
2 100 793 0.592225
2 100 794 0.59135
2 100 795 0.5889
2 100 796 0.591375
2 100 797 0.59045
2 100 798 0.5919
2 100 799 0.592325
2 100 800 0.591825
2 100 801 0.591025
2 100 802 0.592525
2 100 803 0.592275
2 100 804 0.5873
2 100 805 0.5889
2 100 806 0.590425
2 100 807 0.59105
2 100 808 0.592
2 100 809 0.5917
2 100 810 0.59375
2 100 811 0.587775
2 100 812 0.587375
2 100 813 0.591125
2 100 814 0.58945
2 100 815 0.5904
2 100 816 0.590075
2 100 817 0.588075
2 100 818 0.59065
2 100 819 0.59095
2 100 820 0.588475
2 100 821 0.5885
2 100 822 0.58815
2 100 823 0.588425
2 100 824 0.5893
2 100 825 0.592475
2 100 826 0.5891
2 100 827 0.5892
2 100 828 0.589725
2 100 829 0.589475
2 100 830 0.591325
2 100 831 0.588
2 100 832 0.59055
2 100 833 0.589875
2 100 834 0.5845
2 100 835 0.58855
2 100 836 0.589225
2 100 837 0.58815
2 100 838 0.587975
2 100 839 0.58935
2 100 840 0.587825
2 100 841 0.587225
2 100 842 0.58965
2 100 843 0.588425
2 100 844 0.58695
2 100 845 0.588275
2 100 846 0.587475
2 100 847 0.587425
2 100 848 0.5861
2 100 849 0.5887
2 100 850 0.59095
2 100 851 0.58395
2 100 852 0.587275
2 100 853 0.58965
2 100 854 0.589475
2 100 855 0.5879
2 100 856 0.586125
2 100 857 0.582475
2 100 858 0.587625
2 100 859 0.585425
2 100 860 0.588425
2 100 861 0.585325
2 100 862 0.58685
2 100 863 0.58845
2 100 864 0.586725
2 100 865 0.5858
2 100 866 0.585725
2 100 867 0.588025
2 100 868 0.58735
2 100 869 0.586925
2 100 870 0.5868
2 100 871 0.591225
2 100 872 0.58265
2 100 873 0.58715
2 100 874 0.5869
2 100 875 0.585025
2 100 876 0.586725
2 100 877 0.583825
2 100 878 0.586825
2 100 879 0.5866
2 100 880 0.586125
2 100 881 0.58765
2 100 882 0.5841
2 100 883 0.58425
2 100 884 0.59005
2 100 885 0.58615
2 100 886 0.583225
2 100 887 0.581675
2 100 888 0.58495
2 100 889 0.58145
2 100 890 0.586325
2 100 891 0.584075
2 100 892 0.58725
2 100 893 0.587225
2 100 894 0.589125
2 100 895 0.5871
2 100 896 0.586
2 100 897 0.582325
2 100 898 0.5847
2 100 899 0.5841
2 100 900 0.583175
2 100 901 0.582175
2 100 902 0.584325
2 100 903 0.584925
2 100 904 0.5861
2 100 905 0.58485
2 100 906 0.585375
2 100 907 0.588575
2 100 908 0.585575
2 100 909 0.5832
2 100 910 0.582725
2 100 911 0.5857
2 100 912 0.5843
2 100 913 0.585625
2 100 914 0.58065
2 100 915 0.5811
2 100 916 0.584625
2 100 917 0.5865
2 100 918 0.586475
2 100 919 0.58135
2 100 920 0.5863
2 100 921 0.584125
2 100 922 0.585375
2 100 923 0.58325
2 100 924 0.5861
2 100 925 0.582975
2 100 926 0.58405
2 100 927 0.584175
2 100 928 0.58315
2 100 929 0.58295
2 100 930 0.582575
2 100 931 0.583275
2 100 932 0.582275
2 100 933 0.58425
2 100 934 0.586925
2 100 935 0.580475
2 100 936 0.5836
2 100 937 0.5828
2 100 938 0.5849
2 100 939 0.588375
2 100 940 0.581075
2 100 941 0.58335
2 100 942 0.5808
2 100 943 0.583375
2 100 944 0.579175
2 100 945 0.579975
2 100 946 0.58845
2 100 947 0.5821
2 100 948 0.57795
2 100 949 0.5868
2 100 950 0.582575
2 100 951 0.582925
2 100 952 0.584675
2 100 953 0.5818
2 100 954 0.5819
2 100 955 0.57745
2 100 956 0.582325
2 100 957 0.58335
2 100 958 0.584825
2 100 959 0.582575
2 100 960 0.582925
2 100 961 0.583575
2 100 962 0.5836
2 100 963 0.5813
2 100 964 0.578675
2 100 965 0.58195
2 100 966 0.58565
2 100 967 0.5792
2 100 968 0.585975
2 100 969 0.576625
2 100 970 0.581625
2 100 971 0.583775
2 100 972 0.5819
2 100 973 0.579025
2 100 974 0.5801
2 100 975 0.582575
2 100 976 0.580125
2 100 977 0.583075
2 100 978 0.5827
2 100 979 0.58465
2 100 980 0.580025
2 100 981 0.5776
2 100 982 0.5791
2 100 983 0.581225
2 100 984 0.57915
2 100 985 0.5827
2 100 986 0.57985
2 100 987 0.5751
2 100 988 0.57795
2 100 989 0.58055
2 100 990 0.577125
2 100 991 0.579175
2 100 992 0.574225
2 100 993 0.5758
2 100 994 0.582125
2 100 995 0.58255
2 100 996 0.576975
2 100 997 0.583275
2 100 998 0.577075
2 100 999 0.58275
2 100 1000 0.57835
2 100 1001 0.57965
