1 200 1 0.505
1 200 2 0.5183
1 200 3 0.530775
1 200 4 0.548875
1 200 5 0.549525
1 200 6 0.560725
1 200 7 0.567075
1 200 8 0.5661
1 200 9 0.574425
1 200 10 0.5795
1 200 11 0.5824
1 200 12 0.579975
1 200 13 0.587025
1 200 14 0.588375
1 200 15 0.59005
1 200 16 0.59175
1 200 17 0.596775
1 200 18 0.59525
1 200 19 0.598325
1 200 20 0.598275
1 200 21 0.602725
1 200 22 0.59865
1 200 23 0.599175
1 200 24 0.601075
1 200 25 0.606025
1 200 26 0.60285
1 200 27 0.61225
1 200 28 0.6144
1 200 29 0.6197
1 200 30 0.606475
1 200 31 0.608225
1 200 32 0.6096
1 200 33 0.610275
1 200 34 0.6143
1 200 35 0.608225
1 200 36 0.60925
1 200 37 0.609175
1 200 38 0.613025
1 200 39 0.6128
1 200 40 0.614025
1 200 41 0.6185
1 200 42 0.61685
1 200 43 0.61485
1 200 44 0.617
1 200 45 0.615425
1 200 46 0.61655
1 200 47 0.613875
1 200 48 0.613
1 200 49 0.61755
1 200 50 0.618225
1 200 51 0.61625
1 200 52 0.619425
1 200 53 0.61965
1 200 54 0.619525
1 200 55 0.62065
1 200 56 0.622325
1 200 57 0.62515
1 200 58 0.622375
1 200 59 0.61735
1 200 60 0.62695
1 200 61 0.623325
1 200 62 0.625225
1 200 63 0.62465
1 200 64 0.623325
1 200 65 0.62265
1 200 66 0.619475
1 200 67 0.61945
1 200 68 0.619225
1 200 69 0.621
1 200 70 0.619875
1 200 71 0.618225
1 200 72 0.62035
1 200 73 0.616675
1 200 74 0.6154
1 200 75 0.621675
1 200 76 0.61875
1 200 77 0.624225
1 200 78 0.621275
1 200 79 0.61605
1 200 80 0.61865
1 200 81 0.6204
1 200 82 0.618125
1 200 83 0.6174
1 200 84 0.618775
1 200 85 0.616025
1 200 86 0.620625
1 200 87 0.617625
1 200 88 0.62075
1 200 89 0.61985
1 200 90 0.619625
1 200 91 0.6224
1 200 92 0.62245
1 200 93 0.62175
1 200 94 0.624275
1 200 95 0.621625
1 200 96 0.624825
1 200 97 0.62715
1 200 98 0.62565
1 200 99 0.62645
1 200 100 0.63515
1 200 101 0.630375
1 200 102 0.6312
1 200 103 0.63015
1 200 104 0.631025
1 200 105 0.632475
1 200 106 0.63115
1 200 107 0.630075
1 200 108 0.629725
1 200 109 0.629775
1 200 110 0.6317
1 200 111 0.630625
1 200 112 0.6284
1 200 113 0.6295
1 200 114 0.62665
1 200 115 0.629425
1 200 116 0.629775
1 200 117 0.62955
1 200 118 0.629725
1 200 119 0.6304
1 200 120 0.6271
1 200 121 0.63325
1 200 122 0.62905
1 200 123 0.630325
1 200 124 0.6303
1 200 125 0.632775
1 200 126 0.6311
1 200 127 0.63215
1 200 128 0.6344
1 200 129 0.628875
1 200 130 0.63035
1 200 131 0.6299
1 200 132 0.6332
1 200 133 0.634425
1 200 134 0.63465
1 200 135 0.63545
1 200 136 0.634525
1 200 137 0.633075
1 200 138 0.636725
1 200 139 0.6332
1 200 140 0.637675
1 200 141 0.636125
1 200 142 0.630275
1 200 143 0.637525
1 200 144 0.63505
1 200 145 0.63495
1 200 146 0.637625
1 200 147 0.637125
1 200 148 0.632475
1 200 149 0.63665
1 200 150 0.634625
1 200 151 0.636475
1 200 152 0.6367
1 200 153 0.6329
1 200 154 0.6332
1 200 155 0.637275
1 200 156 0.6357
1 200 157 0.631125
1 200 158 0.635375
1 200 159 0.636675
1 200 160 0.632975
1 200 161 0.63645
1 200 162 0.632975
1 200 163 0.63685
1 200 164 0.6322
1 200 165 0.6348
1 200 166 0.636725
1 200 167 0.6357
1 200 168 0.636725
1 200 169 0.63345
1 200 170 0.6342
1 200 171 0.63545
1 200 172 0.634275
1 200 173 0.63445
1 200 174 0.634125
1 200 175 0.63095
1 200 176 0.630875
1 200 177 0.631175
1 200 178 0.6324
1 200 179 0.6317
1 200 180 0.632075
1 200 181 0.6313
1 200 182 0.6348
1 200 183 0.62815
1 200 184 0.630925
1 200 185 0.634
1 200 186 0.631975
1 200 187 0.622925
1 200 188 0.6291
1 200 189 0.6302
1 200 190 0.6277
1 200 191 0.62955
1 200 192 0.628525
1 200 193 0.6251
1 200 194 0.628625
1 200 195 0.628525
1 200 196 0.629725
1 200 197 0.626825
1 200 198 0.625125
1 200 199 0.625475
1 200 200 0.6311
1 200 201 0.62805
1 200 202 0.6263
1 200 203 0.6275
1 200 204 0.627925
1 200 205 0.62945
1 200 206 0.6262
1 200 207 0.62575
1 200 208 0.62705
1 200 209 0.628875
1 200 210 0.6267
1 200 211 0.623525
1 200 212 0.623375
1 200 213 0.62445
1 200 214 0.6223
1 200 215 0.626125
1 200 216 0.626275
1 200 217 0.621525
1 200 218 0.624375
1 200 219 0.62425
1 200 220 0.626975
1 200 221 0.626225
1 200 222 0.623275
1 200 223 0.61855
1 200 224 0.624675
1 200 225 0.622675
1 200 226 0.625875
1 200 227 0.625275
1 200 228 0.626025
1 200 229 0.624075
1 200 230 0.624625
1 200 231 0.62585
1 200 232 0.622375
1 200 233 0.625475
1 200 234 0.626375
1 200 235 0.622525
1 200 236 0.625525
1 200 237 0.62425
1 200 238 0.621825
1 200 239 0.6227
1 200 240 0.626475
1 200 241 0.622925
1 200 242 0.6232
1 200 243 0.624275
1 200 244 0.62275
1 200 245 0.624525
1 200 246 0.62645
1 200 247 0.624175
1 200 248 0.6228
1 200 249 0.62945
1 200 250 0.6275
1 200 251 0.6281
1 200 252 0.625625
1 200 253 0.6295
1 200 254 0.62635
1 200 255 0.626375
1 200 256 0.62645
1 200 257 0.6244
1 200 258 0.629875
1 200 259 0.62445
1 200 260 0.6249
1 200 261 0.62075
1 200 262 0.6206
1 200 263 0.62385
1 200 264 0.6225
1 200 265 0.624375
1 200 266 0.62495
1 200 267 0.62635
1 200 268 0.62625
1 200 269 0.626725
1 200 270 0.625725
1 200 271 0.62525
1 200 272 0.625875
1 200 273 0.62325
1 200 274 0.62425
1 200 275 0.62545
1 200 276 0.6261
1 200 277 0.6239
1 200 278 0.627825
1 200 279 0.626575
1 200 280 0.6216
1 200 281 0.624575
1 200 282 0.622675
1 200 283 0.620075
1 200 284 0.625825
1 200 285 0.62085
1 200 286 0.620075
1 200 287 0.621175
1 200 288 0.623325
1 200 289 0.6255
1 200 290 0.62155
1 200 291 0.6214
1 200 292 0.625775
1 200 293 0.623475
1 200 294 0.6205
1 200 295 0.62845
1 200 296 0.623825
1 200 297 0.621975
1 200 298 0.6226
1 200 299 0.6214
1 200 300 0.619625
1 200 301 0.6214
1 200 302 0.624675
1 200 303 0.62385
1 200 304 0.620475
1 200 305 0.625825
1 200 306 0.62575
1 200 307 0.616525
1 200 308 0.62305
1 200 309 0.62015
1 200 310 0.61985
1 200 311 0.61915
1 200 312 0.62225
1 200 313 0.61995
1 200 314 0.62235
1 200 315 0.620075
1 200 316 0.621575
1 200 317 0.619525
1 200 318 0.615025
1 200 319 0.6218
1 200 320 0.6201
1 200 321 0.618525
1 200 322 0.618
1 200 323 0.614975
1 200 324 0.617225
1 200 325 0.61945
1 200 326 0.614525
1 200 327 0.612875
1 200 328 0.61695
1 200 329 0.614025
1 200 330 0.61665
1 200 331 0.6185
1 200 332 0.61125
1 200 333 0.619425
1 200 334 0.617375
1 200 335 0.618225
1 200 336 0.621
1 200 337 0.616175
1 200 338 0.6148
1 200 339 0.617975
1 200 340 0.62025
1 200 341 0.6187
1 200 342 0.614625
1 200 343 0.617025
1 200 344 0.619375
1 200 345 0.61885
1 200 346 0.619875
1 200 347 0.62025
1 200 348 0.620475
1 200 349 0.620875
1 200 350 0.6208
1 200 351 0.619675
1 200 352 0.617425
1 200 353 0.621575
1 200 354 0.620725
1 200 355 0.618925
1 200 356 0.621125
1 200 357 0.61965
1 200 358 0.6202
1 200 359 0.624875
1 200 360 0.621375
1 200 361 0.62305
1 200 362 0.622575
1 200 363 0.621325
1 200 364 0.621125
1 200 365 0.6243
1 200 366 0.624625
1 200 367 0.624525
1 200 368 0.6203
1 200 369 0.624025
1 200 370 0.625425
1 200 371 0.62375
1 200 372 0.622675
1 200 373 0.623425
1 200 374 0.620075
1 200 375 0.62425
1 200 376 0.6227
1 200 377 0.623925
1 200 378 0.625225
1 200 379 0.628425
1 200 380 0.624375
1 200 381 0.6242
1 200 382 0.624075
1 200 383 0.6246
1 200 384 0.623525
1 200 385 0.625525
1 200 386 0.6248
1 200 387 0.624625
1 200 388 0.627425
1 200 389 0.6247
1 200 390 0.623
1 200 391 0.6273
1 200 392 0.6255
1 200 393 0.6228
1 200 394 0.628075
1 200 395 0.626325
1 200 396 0.628
1 200 397 0.62945
1 200 398 0.6271
1 200 399 0.62885
1 200 400 0.62945
1 200 401 0.632125
1 200 402 0.627425
1 200 403 0.630975
1 200 404 0.627275
1 200 405 0.629225
1 200 406 0.6275
1 200 407 0.633225
1 200 408 0.631975
1 200 409 0.631525
1 200 410 0.629925
1 200 411 0.626025
1 200 412 0.627825
1 200 413 0.625
1 200 414 0.626225
1 200 415 0.627225
1 200 416 0.6315
1 200 417 0.630475
1 200 418 0.629425
1 200 419 0.628625
1 200 420 0.629625
1 200 421 0.6296
1 200 422 0.6324
1 200 423 0.62625
1 200 424 0.631025
1 200 425 0.6312
1 200 426 0.630225
1 200 427 0.630275
1 200 428 0.6287
1 200 429 0.632
1 200 430 0.62755
1 200 431 0.629425
1 200 432 0.63225
1 200 433 0.62955
1 200 434 0.6307
1 200 435 0.627175
1 200 436 0.627375
1 200 437 0.63005
1 200 438 0.632225
1 200 439 0.631375
1 200 440 0.6312
1 200 441 0.629425
1 200 442 0.631
1 200 443 0.63245
1 200 444 0.6314
1 200 445 0.627575
1 200 446 0.629325
1 200 447 0.63195
1 200 448 0.6349
1 200 449 0.630175
1 200 450 0.6302
1 200 451 0.6304
1 200 452 0.632075
1 200 453 0.6314
1 200 454 0.629225
1 200 455 0.63385
1 200 456 0.630675
1 200 457 0.63365
1 200 458 0.632675
1 200 459 0.633375
1 200 460 0.6362
1 200 461 0.63205
1 200 462 0.633225
1 200 463 0.635575
1 200 464 0.6337
1 200 465 0.634075
1 200 466 0.633075
1 200 467 0.638225
1 200 468 0.6335
1 200 469 0.634625
1 200 470 0.6335
1 200 471 0.629575
1 200 472 0.635025
1 200 473 0.634525
1 200 474 0.632175
1 200 475 0.63605
1 200 476 0.636375
1 200 477 0.634625
1 200 478 0.633975
1 200 479 0.630575
1 200 480 0.63155
1 200 481 0.634725
1 200 482 0.634375
1 200 483 0.6363
1 200 484 0.63495
1 200 485 0.63425
1 200 486 0.63855
1 200 487 0.634425
1 200 488 0.63435
1 200 489 0.6336
1 200 490 0.637975
1 200 491 0.63835
1 200 492 0.6381
1 200 493 0.636225
1 200 494 0.638725
1 200 495 0.638575
1 200 496 0.639
1 200 497 0.635425
1 200 498 0.63715
1 200 499 0.64045
1 200 500 0.640625
1 200 501 0.639125
1 200 502 0.643425
1 200 503 0.638525
1 200 504 0.641475
1 200 505 0.638675
1 200 506 0.6431
1 200 507 0.6389
1 200 508 0.6395
1 200 509 0.6378
1 200 510 0.64035
1 200 511 0.6389
1 200 512 0.6405
1 200 513 0.639225
1 200 514 0.637425
1 200 515 0.63925
1 200 516 0.6403
1 200 517 0.641
1 200 518 0.636675
1 200 519 0.63555
1 200 520 0.64315
1 200 521 0.63595
1 200 522 0.638425
1 200 523 0.638975
1 200 524 0.6385
1 200 525 0.63815
1 200 526 0.638925
1 200 527 0.641825
1 200 528 0.63695
1 200 529 0.6381
1 200 530 0.63925
1 200 531 0.6371
1 200 532 0.635975
1 200 533 0.63735
1 200 534 0.63585
1 200 535 0.633375
1 200 536 0.63455
1 200 537 0.63705
1 200 538 0.63745
1 200 539 0.635625
1 200 540 0.6376
1 200 541 0.63485
1 200 542 0.64055
1 200 543 0.641525
1 200 544 0.636175
1 200 545 0.63655
1 200 546 0.635425
1 200 547 0.636125
1 200 548 0.636925
1 200 549 0.63865
1 200 550 0.637
1 200 551 0.64125
1 200 552 0.63955
1 200 553 0.6398
1 200 554 0.634625
1 200 555 0.63485
1 200 556 0.63565
1 200 557 0.635375
1 200 558 0.636375
1 200 559 0.6369
1 200 560 0.6335
1 200 561 0.637175
1 200 562 0.63645
1 200 563 0.636975
1 200 564 0.639725
1 200 565 0.637
1 200 566 0.6348
1 200 567 0.63365
1 200 568 0.635275
1 200 569 0.635775
1 200 570 0.634225
1 200 571 0.63705
1 200 572 0.638575
1 200 573 0.6383
1 200 574 0.63465
1 200 575 0.639475
1 200 576 0.6369
1 200 577 0.637675
1 200 578 0.636075
1 200 579 0.6366
1 200 580 0.6315
1 200 581 0.634575
1 200 582 0.6368
1 200 583 0.6359
1 200 584 0.63705
1 200 585 0.637075
1 200 586 0.63435
1 200 587 0.63675
1 200 588 0.6378
1 200 589 0.637075
1 200 590 0.63775
1 200 591 0.63765
1 200 592 0.6347
1 200 593 0.635125
1 200 594 0.635725
1 200 595 0.6385
1 200 596 0.63245
1 200 597 0.636175
1 200 598 0.63725
1 200 599 0.63565
1 200 600 0.634075
1 200 601 0.63875
1 200 602 0.6367
1 200 603 0.634325
1 200 604 0.63385
1 200 605 0.6377
1 200 606 0.63415
1 200 607 0.638275
1 200 608 0.632675
1 200 609 0.6354
1 200 610 0.635325
1 200 611 0.63445
1 200 612 0.63525
1 200 613 0.634075
1 200 614 0.6353
1 200 615 0.637175
1 200 616 0.634725
1 200 617 0.6349
1 200 618 0.636575
1 200 619 0.633025
1 200 620 0.63525
1 200 621 0.629175
1 200 622 0.6345
1 200 623 0.6334
1 200 624 0.635975
1 200 625 0.63515
1 200 626 0.63105
1 200 627 0.637975
1 200 628 0.6365
1 200 629 0.632875
1 200 630 0.63365
1 200 631 0.63495
1 200 632 0.6351
1 200 633 0.632575
1 200 634 0.6354
1 200 635 0.628475
1 200 636 0.634075
1 200 637 0.634925
1 200 638 0.632525
1 200 639 0.631775
1 200 640 0.633675
1 200 641 0.629375
1 200 642 0.629675
1 200 643 0.6325
1 200 644 0.633275
1 200 645 0.6322
1 200 646 0.63265
1 200 647 0.6339
1 200 648 0.631
1 200 649 0.63115
1 200 650 0.6315
1 200 651 0.63235
1 200 652 0.633075
1 200 653 0.63175
1 200 654 0.627925
1 200 655 0.6312
1 200 656 0.63235
1 200 657 0.62935
1 200 658 0.63155
1 200 659 0.629375
1 200 660 0.6315
1 200 661 0.6311
1 200 662 0.630675
1 200 663 0.635075
1 200 664 0.6312
1 200 665 0.63205
1 200 666 0.633175
1 200 667 0.63285
1 200 668 0.63275
1 200 669 0.628775
1 200 670 0.631075
1 200 671 0.627375
1 200 672 0.627775
1 200 673 0.628125
1 200 674 0.626775
1 200 675 0.6328
1 200 676 0.628025
1 200 677 0.6329
1 200 678 0.6285
1 200 679 0.62775
1 200 680 0.6291
1 200 681 0.6292
1 200 682 0.63035
1 200 683 0.62695
1 200 684 0.630725
1 200 685 0.62915
1 200 686 0.626625
1 200 687 0.625425
1 200 688 0.626575
1 200 689 0.633025
1 200 690 0.631425
1 200 691 0.624025
1 200 692 0.62655
1 200 693 0.626275
1 200 694 0.62705
1 200 695 0.62685
1 200 696 0.628525
1 200 697 0.629225
1 200 698 0.630075
1 200 699 0.626575
1 200 700 0.629725
1 200 701 0.625825
1 200 702 0.62785
1 200 703 0.627225
1 200 704 0.62665
1 200 705 0.627025
1 200 706 0.628775
1 200 707 0.63135
1 200 708 0.6292
1 200 709 0.6282
1 200 710 0.62925
1 200 711 0.629825
1 200 712 0.62405
1 200 713 0.625825
1 200 714 0.6258
1 200 715 0.6252
1 200 716 0.623125
1 200 717 0.62875
1 200 718 0.62865
1 200 719 0.627825
1 200 720 0.6266
1 200 721 0.6279
1 200 722 0.628525
1 200 723 0.622375
1 200 724 0.6264
1 200 725 0.623
1 200 726 0.624075
1 200 727 0.62345
1 200 728 0.625025
1 200 729 0.622
1 200 730 0.622925
1 200 731 0.627375
1 200 732 0.624475
1 200 733 0.62345
1 200 734 0.62695
1 200 735 0.626
1 200 736 0.627125
1 200 737 0.625975
1 200 738 0.624975
1 200 739 0.628425
1 200 740 0.62835
1 200 741 0.6237
1 200 742 0.6191
1 200 743 0.6258
1 200 744 0.624075
1 200 745 0.625925
1 200 746 0.62595
1 200 747 0.625275
1 200 748 0.627
1 200 749 0.622375
1 200 750 0.6238
1 200 751 0.6254
1 200 752 0.6247
1 200 753 0.6298
1 200 754 0.622225
1 200 755 0.6249
1 200 756 0.623175
1 200 757 0.6256
1 200 758 0.624025
1 200 759 0.6232
1 200 760 0.625125
1 200 761 0.6244
1 200 762 0.62305
1 200 763 0.6222
1 200 764 0.62245
1 200 765 0.620575
1 200 766 0.6279
1 200 767 0.623275
1 200 768 0.621
1 200 769 0.617125
1 200 770 0.6226
1 200 771 0.621375
1 200 772 0.6236
1 200 773 0.622825
1 200 774 0.626175
1 200 775 0.62275
1 200 776 0.62295
1 200 777 0.625175
1 200 778 0.621
1 200 779 0.6249
1 200 780 0.6231
1 200 781 0.619925
1 200 782 0.6242
1 200 783 0.622675
1 200 784 0.62125
1 200 785 0.618225
1 200 786 0.6226
1 200 787 0.623375
1 200 788 0.62195
1 200 789 0.621475
1 200 790 0.62435
1 200 791 0.6224
1 200 792 0.6184
1 200 793 0.622875
1 200 794 0.62145
1 200 795 0.620075
1 200 796 0.624125
1 200 797 0.622075
1 200 798 0.62285
1 200 799 0.626575
1 200 800 0.6243
1 200 801 0.623375
1 200 802 0.623075
1 200 803 0.6241
1 200 804 0.621
1 200 805 0.6203
1 200 806 0.625325
1 200 807 0.6186
1 200 808 0.62345
1 200 809 0.6214
1 200 810 0.619925
1 200 811 0.619125
1 200 812 0.6207
1 200 813 0.6237
1 200 814 0.622175
1 200 815 0.6196
1 200 816 0.621425
1 200 817 0.618725
1 200 818 0.62245
1 200 819 0.62085
1 200 820 0.620725
1 200 821 0.623325
1 200 822 0.622275
1 200 823 0.620425
1 200 824 0.619875
1 200 825 0.6236
1 200 826 0.618425
1 200 827 0.62085
1 200 828 0.618925
1 200 829 0.6246
1 200 830 0.625225
1 200 831 0.62135
1 200 832 0.620525
1 200 833 0.617375
1 200 834 0.623025
1 200 835 0.617525
1 200 836 0.61765
1 200 837 0.6186
1 200 838 0.6186
1 200 839 0.6213
1 200 840 0.623425
1 200 841 0.61735
1 200 842 0.622225
1 200 843 0.61925
1 200 844 0.6217
1 200 845 0.61745
1 200 846 0.618125
1 200 847 0.619975
1 200 848 0.620125
1 200 849 0.619925
1 200 850 0.620525
1 200 851 0.615525
1 200 852 0.61545
1 200 853 0.617175
1 200 854 0.61775
1 200 855 0.616775
1 200 856 0.618875
1 200 857 0.6189
1 200 858 0.619175
1 200 859 0.6199
1 200 860 0.6207
1 200 861 0.6188
1 200 862 0.61735
1 200 863 0.6168
1 200 864 0.618725
1 200 865 0.619575
1 200 866 0.61705
1 200 867 0.61965
1 200 868 0.6169
1 200 869 0.6177
1 200 870 0.620825
1 200 871 0.614375
1 200 872 0.616425
1 200 873 0.6123
1 200 874 0.61745
1 200 875 0.6164
1 200 876 0.6189
1 200 877 0.61315
1 200 878 0.616175
1 200 879 0.614975
1 200 880 0.61695
1 200 881 0.61255
1 200 882 0.614675
1 200 883 0.615575
1 200 884 0.617075
1 200 885 0.613875
1 200 886 0.6188
1 200 887 0.613
1 200 888 0.619225
1 200 889 0.615625
1 200 890 0.6127
1 200 891 0.616575
1 200 892 0.61725
1 200 893 0.61495
1 200 894 0.6155
1 200 895 0.610525
1 200 896 0.61415
1 200 897 0.613625
1 200 898 0.61275
1 200 899 0.6157
1 200 900 0.6119
1 200 901 0.61515
1 200 902 0.614625
1 200 903 0.615875
1 200 904 0.61755
1 200 905 0.6164
1 200 906 0.617925
1 200 907 0.615525
1 200 908 0.61335
1 200 909 0.6109
1 200 910 0.61765
1 200 911 0.6165
1 200 912 0.6118
1 200 913 0.61295
1 200 914 0.616575
1 200 915 0.611225
1 200 916 0.61135
1 200 917 0.61325
1 200 918 0.613675
1 200 919 0.61715
1 200 920 0.6148
1 200 921 0.6132
1 200 922 0.6117
1 200 923 0.612425
1 200 924 0.6107
1 200 925 0.60965
1 200 926 0.6112
1 200 927 0.61475
1 200 928 0.610325
1 200 929 0.610925
1 200 930 0.61465
1 200 931 0.611675
1 200 932 0.6102
1 200 933 0.615
1 200 934 0.608675
1 200 935 0.611625
1 200 936 0.6077
1 200 937 0.613225
1 200 938 0.61205
1 200 939 0.611925
1 200 940 0.611425
1 200 941 0.611125
1 200 942 0.6159
1 200 943 0.609125
1 200 944 0.613175
1 200 945 0.61355
1 200 946 0.6089
1 200 947 0.6121
1 200 948 0.613075
1 200 949 0.610475
1 200 950 0.613325
1 200 951 0.6087
1 200 952 0.6134
1 200 953 0.6111
1 200 954 0.61515
1 200 955 0.61025
1 200 956 0.613475
1 200 957 0.615275
1 200 958 0.6088
1 200 959 0.61405
1 200 960 0.61215
1 200 961 0.608825
1 200 962 0.610425
1 200 963 0.610125
1 200 964 0.60935
1 200 965 0.607
1 200 966 0.610775
1 200 967 0.612975
1 200 968 0.607425
1 200 969 0.608375
1 200 970 0.61045
1 200 971 0.60895
1 200 972 0.613575
1 200 973 0.608075
1 200 974 0.6093
1 200 975 0.61125
1 200 976 0.6098
1 200 977 0.6105
1 200 978 0.609625
1 200 979 0.609825
1 200 980 0.60755
1 200 981 0.607125
1 200 982 0.609225
1 200 983 0.607525
1 200 984 0.611125
1 200 985 0.604175
1 200 986 0.60895
1 200 987 0.6125
1 200 988 0.60915
1 200 989 0.604275
1 200 990 0.608675
1 200 991 0.6025
1 200 992 0.60585
1 200 993 0.611975
1 200 994 0.61125
1 200 995 0.607675
1 200 996 0.609575
1 200 997 0.60995
1 200 998 0.6076
1 200 999 0.60945
1 200 1000 0.61125
1 200 1001 0.609475
2 200 1 0.4991
2 200 2 0.519125
2 200 3 0.533825
2 200 4 0.54435
2 200 5 0.549225
2 200 6 0.56015
2 200 7 0.5679
2 200 8 0.564775
2 200 9 0.573325
2 200 10 0.579825
2 200 11 0.5808
2 200 12 0.577975
2 200 13 0.589825
2 200 14 0.588825
2 200 15 0.5866
2 200 16 0.5918
2 200 17 0.598975
2 200 18 0.591675
2 200 19 0.5992
2 200 20 0.6004
2 200 21 0.596975
2 200 22 0.59725
2 200 23 0.601925
2 200 24 0.6033
2 200 25 0.6036
2 200 26 0.603375
2 200 27 0.608825
2 200 28 0.617175
2 200 29 0.617575
2 200 30 0.609375
2 200 31 0.609125
2 200 32 0.608475
2 200 33 0.6115
2 200 34 0.61165
2 200 35 0.611575
2 200 36 0.606425
2 200 37 0.612225
2 200 38 0.60905
2 200 39 0.614175
2 200 40 0.61785
2 200 41 0.6144
2 200 42 0.616925
2 200 43 0.6201
2 200 44 0.617925
2 200 45 0.611925
2 200 46 0.612325
2 200 47 0.619675
2 200 48 0.614325
2 200 49 0.6152
2 200 50 0.61215
2 200 51 0.616525
2 200 52 0.6181
2 200 53 0.61775
2 200 54 0.621575
2 200 55 0.615675
2 200 56 0.62
2 200 57 0.620225
2 200 58 0.6242
2 200 59 0.623925
2 200 60 0.6218
2 200 61 0.624675
2 200 62 0.623075
2 200 63 0.6206
2 200 64 0.62085
2 200 65 0.62135
2 200 66 0.6205
2 200 67 0.62405
2 200 68 0.62295
2 200 69 0.620225
2 200 70 0.616325
2 200 71 0.6189
2 200 72 0.6181
2 200 73 0.615975
2 200 74 0.6183
2 200 75 0.6185
2 200 76 0.6147
2 200 77 0.62055
2 200 78 0.617925
2 200 79 0.61645
2 200 80 0.61875
2 200 81 0.618425
2 200 82 0.623025
2 200 83 0.612425
2 200 84 0.6184
2 200 85 0.620825
2 200 86 0.6209
2 200 87 0.618125
2 200 88 0.61605
2 200 89 0.61885
2 200 90 0.619375
2 200 91 0.61565
2 200 92 0.621125
2 200 93 0.616825
2 200 94 0.622625
2 200 95 0.62735
2 200 96 0.62635
2 200 97 0.625975
2 200 98 0.62525
2 200 99 0.628875
2 200 100 0.630575
2 200 101 0.629925
2 200 102 0.631075
2 200 103 0.629325
2 200 104 0.631375
2 200 105 0.62985
2 200 106 0.63075
2 200 107 0.6308
2 200 108 0.624425
2 200 109 0.631225
2 200 110 0.633825
2 200 111 0.629625
2 200 112 0.628175
2 200 113 0.63285
2 200 114 0.6282
2 200 115 0.62945
2 200 116 0.632375
2 200 117 0.63385
2 200 118 0.628375
2 200 119 0.62945
2 200 120 0.627675
2 200 121 0.6351
2 200 122 0.6285
2 200 123 0.63085
2 200 124 0.63055
2 200 125 0.630725
2 200 126 0.632875
2 200 127 0.629025
2 200 128 0.63345
2 200 129 0.631525
2 200 130 0.634225
2 200 131 0.629675
2 200 132 0.632425
2 200 133 0.634975
2 200 134 0.6354
2 200 135 0.638275
2 200 136 0.632625
2 200 137 0.633325
2 200 138 0.631725
2 200 139 0.635025
2 200 140 0.63445
2 200 141 0.634425
2 200 142 0.638825
2 200 143 0.6378
2 200 144 0.63915
2 200 145 0.636425
2 200 146 0.637825
2 200 147 0.636875
2 200 148 0.63545
2 200 149 0.6342
2 200 150 0.634325
2 200 151 0.6364
2 200 152 0.63195
2 200 153 0.63435
2 200 154 0.633875
2 200 155 0.63595
2 200 156 0.634275
2 200 157 0.635575
2 200 158 0.63415
2 200 159 0.636375
2 200 160 0.636525
2 200 161 0.633475
2 200 162 0.636725
2 200 163 0.6338
2 200 164 0.6386
2 200 165 0.63585
2 200 166 0.634475
2 200 167 0.63735
2 200 168 0.636175
2 200 169 0.63725
2 200 170 0.632
2 200 171 0.6317
2 200 172 0.635475
2 200 173 0.635275
2 200 174 0.630675
2 200 175 0.633025
2 200 176 0.63425
2 200 177 0.6332
2 200 178 0.6344
2 200 179 0.6292
2 200 180 0.6295
2 200 181 0.63065
2 200 182 0.636125
2 200 183 0.63235
2 200 184 0.628125
2 200 185 0.631575
2 200 186 0.630475
2 200 187 0.63015
2 200 188 0.6289
2 200 189 0.628875
2 200 190 0.63265
2 200 191 0.62605
2 200 192 0.62865
2 200 193 0.62725
2 200 194 0.62945
2 200 195 0.628825
2 200 196 0.624425
2 200 197 0.627725
2 200 198 0.62765
2 200 199 0.63315
2 200 200 0.632425
2 200 201 0.6297
2 200 202 0.628975
2 200 203 0.625
2 200 204 0.627275
2 200 205 0.62595
2 200 206 0.6288
2 200 207 0.626275
2 200 208 0.6327
2 200 209 0.625325
2 200 210 0.628675
2 200 211 0.622575
2 200 212 0.624075
2 200 213 0.6226
2 200 214 0.62405
2 200 215 0.624325
2 200 216 0.62225
2 200 217 0.622525
2 200 218 0.62695
2 200 219 0.6267
2 200 220 0.62215
2 200 221 0.623375
2 200 222 0.627225
2 200 223 0.6246
2 200 224 0.62365
2 200 225 0.6258
2 200 226 0.628125
2 200 227 0.626125
2 200 228 0.625
2 200 229 0.621125
2 200 230 0.6196
2 200 231 0.6267
2 200 232 0.6272
2 200 233 0.6238
2 200 234 0.62535
2 200 235 0.6255
2 200 236 0.62465
2 200 237 0.623675
2 200 238 0.6216
2 200 239 0.620225
2 200 240 0.622125
2 200 241 0.623775
2 200 242 0.62575
2 200 243 0.6278
2 200 244 0.624975
2 200 245 0.628375
2 200 246 0.625475
2 200 247 0.62585
2 200 248 0.627875
2 200 249 0.62605
2 200 250 0.6275
2 200 251 0.626175
2 200 252 0.6217
2 200 253 0.6233
2 200 254 0.6241
2 200 255 0.62465
2 200 256 0.624625
2 200 257 0.624775
2 200 258 0.625575
2 200 259 0.62385
2 200 260 0.6235
2 200 261 0.6224
2 200 262 0.626725
2 200 263 0.625325
2 200 264 0.6237
2 200 265 0.622725
2 200 266 0.623625
2 200 267 0.6274
2 200 268 0.624775
2 200 269 0.624675
2 200 270 0.621375
2 200 271 0.626475
2 200 272 0.624125
2 200 273 0.625125
2 200 274 0.623975
2 200 275 0.62405
2 200 276 0.6208
2 200 277 0.6252
2 200 278 0.620125
2 200 279 0.623
2 200 280 0.624875
2 200 281 0.623775
2 200 282 0.6254
2 200 283 0.61715
2 200 284 0.6225
2 200 285 0.62215
2 200 286 0.61995
2 200 287 0.623425
2 200 288 0.6226
2 200 289 0.620175
2 200 290 0.621725
2 200 291 0.623175
2 200 292 0.622725
2 200 293 0.62415
2 200 294 0.622125
2 200 295 0.625975
2 200 296 0.624725
2 200 297 0.622525
2 200 298 0.622
2 200 299 0.6209
2 200 300 0.621975
2 200 301 0.6223
2 200 302 0.618875
2 200 303 0.62185
2 200 304 0.62145
2 200 305 0.622025
2 200 306 0.61865
2 200 307 0.622475
2 200 308 0.623475
2 200 309 0.622825
2 200 310 0.62525
2 200 311 0.6221
2 200 312 0.62125
2 200 313 0.61995
2 200 314 0.61745
2 200 315 0.6179
2 200 316 0.614925
2 200 317 0.62225
2 200 318 0.616075
2 200 319 0.6193
2 200 320 0.6206
2 200 321 0.6158
2 200 322 0.617825
2 200 323 0.61985
2 200 324 0.61665
2 200 325 0.61565
2 200 326 0.6192
2 200 327 0.6148
2 200 328 0.61865
2 200 329 0.61345
2 200 330 0.61095
2 200 331 0.6194
2 200 332 0.6197
2 200 333 0.6186
2 200 334 0.6157
2 200 335 0.617025
2 200 336 0.620325
2 200 337 0.617875
2 200 338 0.618425
2 200 339 0.61885
2 200 340 0.61835
2 200 341 0.6162
2 200 342 0.6181
2 200 343 0.616325
2 200 344 0.6166
2 200 345 0.621325
2 200 346 0.6181
2 200 347 0.6183
2 200 348 0.621375
2 200 349 0.6224
2 200 350 0.616075
2 200 351 0.6197
2 200 352 0.6189
2 200 353 0.6199
2 200 354 0.621225
2 200 355 0.61925
2 200 356 0.6212
2 200 357 0.6221
2 200 358 0.619075
2 200 359 0.6252
2 200 360 0.621325
2 200 361 0.618425
2 200 362 0.618625
2 200 363 0.62355
2 200 364 0.61815
2 200 365 0.619375
2 200 366 0.620625
2 200 367 0.6211
2 200 368 0.623625
2 200 369 0.6263
2 200 370 0.62535
2 200 371 0.62455
2 200 372 0.61895
2 200 373 0.6234
2 200 374 0.623375
2 200 375 0.62145
2 200 376 0.62395
2 200 377 0.62295
2 200 378 0.6237
2 200 379 0.622725
2 200 380 0.621875
2 200 381 0.621675
2 200 382 0.629075
2 200 383 0.62645
2 200 384 0.62545
2 200 385 0.624925
2 200 386 0.6279
2 200 387 0.626125
2 200 388 0.624525
2 200 389 0.621925
2 200 390 0.624975
2 200 391 0.6268
2 200 392 0.62685
2 200 393 0.626225
2 200 394 0.62525
2 200 395 0.6277
2 200 396 0.6273
2 200 397 0.6279
2 200 398 0.627425
2 200 399 0.63065
2 200 400 0.62665
2 200 401 0.63015
2 200 402 0.628575
2 200 403 0.6287
2 200 404 0.62905
2 200 405 0.63055
2 200 406 0.6291
2 200 407 0.629225
2 200 408 0.630125
2 200 409 0.629
2 200 410 0.632125
2 200 411 0.628725
2 200 412 0.62875
2 200 413 0.628375
2 200 414 0.627575
2 200 415 0.632475
2 200 416 0.62955
2 200 417 0.6259
2 200 418 0.6309
2 200 419 0.627775
2 200 420 0.63085
2 200 421 0.628625
2 200 422 0.6297
2 200 423 0.632875
2 200 424 0.6284
2 200 425 0.62915
2 200 426 0.628075
2 200 427 0.62995
2 200 428 0.628275
2 200 429 0.63
2 200 430 0.62735
2 200 431 0.630675
2 200 432 0.6336
2 200 433 0.6309
2 200 434 0.62945
2 200 435 0.6287
2 200 436 0.629275
2 200 437 0.628025
2 200 438 0.630775
2 200 439 0.6314
2 200 440 0.62975
2 200 441 0.6299
2 200 442 0.6308
2 200 443 0.633525
2 200 444 0.6325
2 200 445 0.633725
2 200 446 0.629325
2 200 447 0.628125
2 200 448 0.628425
2 200 449 0.63315
2 200 450 0.633075
2 200 451 0.631625
2 200 452 0.630925
2 200 453 0.630875
2 200 454 0.6298
2 200 455 0.632475
2 200 456 0.63105
2 200 457 0.631675
2 200 458 0.630075
2 200 459 0.633725
2 200 460 0.632425
2 200 461 0.63335
2 200 462 0.6334
2 200 463 0.6324
2 200 464 0.634825
2 200 465 0.63355
2 200 466 0.635925
2 200 467 0.63135
2 200 468 0.6358
2 200 469 0.633825
2 200 470 0.63135
2 200 471 0.6308
2 200 472 0.634625
2 200 473 0.635
2 200 474 0.63295
2 200 475 0.634575
2 200 476 0.635725
2 200 477 0.634925
2 200 478 0.63525
2 200 479 0.6352
2 200 480 0.635575
2 200 481 0.6343
2 200 482 0.637
2 200 483 0.6331
2 200 484 0.637825
2 200 485 0.63785
2 200 486 0.6347
2 200 487 0.633025
2 200 488 0.635725
2 200 489 0.635725
2 200 490 0.635825
2 200 491 0.63915
2 200 492 0.636175
2 200 493 0.636825
2 200 494 0.6361
2 200 495 0.63775
2 200 496 0.63385
2 200 497 0.6415
2 200 498 0.6393
2 200 499 0.639325
2 200 500 0.6373
2 200 501 0.6431
2 200 502 0.6426
2 200 503 0.639575
2 200 504 0.6381
2 200 505 0.639375
2 200 506 0.6406
2 200 507 0.638725
2 200 508 0.640925
2 200 509 0.6398
2 200 510 0.64215
2 200 511 0.6379
2 200 512 0.64175
2 200 513 0.639375
2 200 514 0.637625
2 200 515 0.64305
2 200 516 0.638575
2 200 517 0.636625
2 200 518 0.63755
2 200 519 0.640625
2 200 520 0.64025
2 200 521 0.640925
2 200 522 0.6378
2 200 523 0.636375
2 200 524 0.638875
2 200 525 0.635975
2 200 526 0.641925
2 200 527 0.638925
2 200 528 0.640275
2 200 529 0.6373
2 200 530 0.63805
2 200 531 0.63925
2 200 532 0.637625
2 200 533 0.637875
2 200 534 0.635875
2 200 535 0.64005
2 200 536 0.635575
2 200 537 0.637375
2 200 538 0.634025
2 200 539 0.637825
2 200 540 0.64005
2 200 541 0.636475
2 200 542 0.63795
2 200 543 0.637475
2 200 544 0.637975
2 200 545 0.637675
2 200 546 0.63765
2 200 547 0.636675
2 200 548 0.637825
2 200 549 0.636925
2 200 550 0.638075
2 200 551 0.63485
2 200 552 0.63955
2 200 553 0.63815
2 200 554 0.635225
2 200 555 0.6351
2 200 556 0.637375
2 200 557 0.63565
2 200 558 0.632525
2 200 559 0.63635
2 200 560 0.637275
2 200 561 0.637325
2 200 562 0.639475
2 200 563 0.638075
2 200 564 0.640725
2 200 565 0.63805
2 200 566 0.635475
2 200 567 0.636475
2 200 568 0.635375
2 200 569 0.636625
2 200 570 0.63555
2 200 571 0.631875
2 200 572 0.639525
2 200 573 0.635525
2 200 574 0.6334
2 200 575 0.635675
2 200 576 0.637425
2 200 577 0.635075
2 200 578 0.633775
2 200 579 0.635425
2 200 580 0.6347
2 200 581 0.63665
2 200 582 0.635575
2 200 583 0.635325
2 200 584 0.6334
2 200 585 0.632775
2 200 586 0.63235
2 200 587 0.6345
2 200 588 0.63315
2 200 589 0.633675
2 200 590 0.63495
2 200 591 0.63425
2 200 592 0.6341
2 200 593 0.6367
2 200 594 0.634725
2 200 595 0.63605
2 200 596 0.63365
2 200 597 0.636525
2 200 598 0.636525
2 200 599 0.63505
2 200 600 0.635125
2 200 601 0.63675
2 200 602 0.633975
2 200 603 0.631425
2 200 604 0.634
2 200 605 0.63295
2 200 606 0.634525
2 200 607 0.635925
2 200 608 0.6346
2 200 609 0.63565
2 200 610 0.634075
2 200 611 0.637075
2 200 612 0.63455
2 200 613 0.6322
2 200 614 0.63555
2 200 615 0.634725
2 200 616 0.633375
2 200 617 0.634475
2 200 618 0.63285
2 200 619 0.6336
2 200 620 0.6328
2 200 621 0.6341
2 200 622 0.6276
2 200 623 0.6354
2 200 624 0.633825
2 200 625 0.634075
2 200 626 0.634625
2 200 627 0.632825
2 200 628 0.631325
2 200 629 0.6323
2 200 630 0.630575
2 200 631 0.63195
2 200 632 0.633525
2 200 633 0.633625
2 200 634 0.635775
2 200 635 0.630025
2 200 636 0.631275
2 200 637 0.62715
2 200 638 0.632925
2 200 639 0.6308
2 200 640 0.63395
2 200 641 0.6286
2 200 642 0.633075
2 200 643 0.630525
2 200 644 0.631875
2 200 645 0.631125
2 200 646 0.632475
2 200 647 0.634175
2 200 648 0.6292
2 200 649 0.634175
2 200 650 0.630625
2 200 651 0.628875
2 200 652 0.633725
2 200 653 0.62725
2 200 654 0.633075
2 200 655 0.63175
2 200 656 0.6317
2 200 657 0.631925
2 200 658 0.630275
2 200 659 0.6311
2 200 660 0.63175
2 200 661 0.630125
2 200 662 0.63035
2 200 663 0.630825
2 200 664 0.62815
2 200 665 0.628525
2 200 666 0.629675
2 200 667 0.629625
2 200 668 0.631275
2 200 669 0.62825
2 200 670 0.632575
2 200 671 0.628475
2 200 672 0.62745
2 200 673 0.6287
2 200 674 0.6291
2 200 675 0.62815
2 200 676 0.624775
2 200 677 0.630025
2 200 678 0.6285
2 200 679 0.627175
2 200 680 0.627075
2 200 681 0.63095
2 200 682 0.628575
2 200 683 0.626275
2 200 684 0.6257
2 200 685 0.6257
2 200 686 0.629575
2 200 687 0.62655
2 200 688 0.62595
2 200 689 0.6294
2 200 690 0.631325
2 200 691 0.62745
2 200 692 0.625375
2 200 693 0.628825
2 200 694 0.624675
2 200 695 0.6265
2 200 696 0.629425
2 200 697 0.6243
2 200 698 0.625275
2 200 699 0.623625
2 200 700 0.629075
2 200 701 0.626725
2 200 702 0.625175
2 200 703 0.6275
2 200 704 0.62865
2 200 705 0.6241
2 200 706 0.627175
2 200 707 0.6252
2 200 708 0.624875
2 200 709 0.630175
2 200 710 0.6257
2 200 711 0.629
2 200 712 0.628075
2 200 713 0.623225
2 200 714 0.6282
2 200 715 0.623925
2 200 716 0.628175
2 200 717 0.625975
2 200 718 0.623
2 200 719 0.62605
2 200 720 0.6221
2 200 721 0.625
2 200 722 0.627125
2 200 723 0.62725
2 200 724 0.622825
2 200 725 0.625725
2 200 726 0.6273
2 200 727 0.6241
2 200 728 0.626325
2 200 729 0.622775
2 200 730 0.627875
2 200 731 0.622325
2 200 732 0.625775
2 200 733 0.624475
2 200 734 0.6228
2 200 735 0.626075
2 200 736 0.625325
2 200 737 0.6244
2 200 738 0.627225
2 200 739 0.626275
2 200 740 0.6238
2 200 741 0.624025
2 200 742 0.621825
2 200 743 0.622075
2 200 744 0.625575
2 200 745 0.62345
2 200 746 0.62235
2 200 747 0.628075
2 200 748 0.621275
2 200 749 0.62545
2 200 750 0.62335
2 200 751 0.62345
2 200 752 0.624175
2 200 753 0.62015
2 200 754 0.62395
2 200 755 0.62435
2 200 756 0.62515
2 200 757 0.6251
2 200 758 0.626625
2 200 759 0.622775
2 200 760 0.62445
2 200 761 0.623625
2 200 762 0.625575
2 200 763 0.622575
2 200 764 0.62375
2 200 765 0.624375
2 200 766 0.624425
2 200 767 0.6256
2 200 768 0.621675
2 200 769 0.621725
2 200 770 0.624225
2 200 771 0.626225
2 200 772 0.621675
2 200 773 0.62555
2 200 774 0.6206
2 200 775 0.62215
2 200 776 0.622725
2 200 777 0.623675
2 200 778 0.62095
2 200 779 0.62325
2 200 780 0.62325
2 200 781 0.6214
2 200 782 0.617875
2 200 783 0.62255
2 200 784 0.620525
2 200 785 0.62155
2 200 786 0.623375
2 200 787 0.6226
2 200 788 0.6198
2 200 789 0.620375
2 200 790 0.622225
2 200 791 0.62365
2 200 792 0.62615
2 200 793 0.62135
2 200 794 0.62085
2 200 795 0.624675
2 200 796 0.622475
2 200 797 0.62385
2 200 798 0.62495
2 200 799 0.625725
2 200 800 0.621425
2 200 801 0.622125
2 200 802 0.6215
2 200 803 0.6221
2 200 804 0.622225
2 200 805 0.622625
2 200 806 0.62355
2 200 807 0.622675
2 200 808 0.624525
2 200 809 0.6238
2 200 810 0.623675
2 200 811 0.62115
2 200 812 0.6209
2 200 813 0.62155
2 200 814 0.62045
2 200 815 0.621025
2 200 816 0.621475
2 200 817 0.623
2 200 818 0.622325
2 200 819 0.616775
2 200 820 0.618825
2 200 821 0.6209
2 200 822 0.6201
2 200 823 0.618225
2 200 824 0.62265
2 200 825 0.6203
2 200 826 0.62265
2 200 827 0.620075
2 200 828 0.621
2 200 829 0.62015
2 200 830 0.619025
2 200 831 0.62735
2 200 832 0.617375
2 200 833 0.6227
2 200 834 0.619425
2 200 835 0.621475
2 200 836 0.6187
2 200 837 0.6203
2 200 838 0.619
2 200 839 0.618
2 200 840 0.61685
2 200 841 0.618975
2 200 842 0.61935
2 200 843 0.62155
2 200 844 0.618575
2 200 845 0.61925
2 200 846 0.619075
2 200 847 0.6178
2 200 848 0.6215
2 200 849 0.619175
2 200 850 0.6143
2 200 851 0.614625
2 200 852 0.618875
2 200 853 0.6186
2 200 854 0.616825
2 200 855 0.614975
2 200 856 0.619975
2 200 857 0.6184
2 200 858 0.61755
2 200 859 0.61565
2 200 860 0.61735
2 200 861 0.618325
2 200 862 0.614625
2 200 863 0.61815
2 200 864 0.61505
2 200 865 0.615425
2 200 866 0.61665
2 200 867 0.614275
2 200 868 0.622325
2 200 869 0.61845
2 200 870 0.61815
2 200 871 0.61555
2 200 872 0.617225
2 200 873 0.617675
2 200 874 0.621075
2 200 875 0.61845
2 200 876 0.615675
2 200 877 0.61905
2 200 878 0.616375
2 200 879 0.6143
2 200 880 0.614225
2 200 881 0.6167
2 200 882 0.616425
2 200 883 0.6155
2 200 884 0.6169
2 200 885 0.6135
2 200 886 0.6183
2 200 887 0.614175
2 200 888 0.613575
2 200 889 0.613875
2 200 890 0.613625
2 200 891 0.614475
2 200 892 0.615175
2 200 893 0.618375
2 200 894 0.617075
2 200 895 0.616825
2 200 896 0.615825
2 200 897 0.613
2 200 898 0.61425
2 200 899 0.608875
2 200 900 0.61605
2 200 901 0.612975
2 200 902 0.614825
2 200 903 0.6127
2 200 904 0.61085
2 200 905 0.615975
2 200 906 0.616075
2 200 907 0.614275
2 200 908 0.610675
2 200 909 0.613975
2 200 910 0.612275
2 200 911 0.612925
2 200 912 0.61565
2 200 913 0.609875
2 200 914 0.616425
2 200 915 0.6162
2 200 916 0.615825
2 200 917 0.610375
2 200 918 0.61515
2 200 919 0.615475
2 200 920 0.610125
2 200 921 0.6133
2 200 922 0.6126
2 200 923 0.61275
2 200 924 0.611625
2 200 925 0.611325
2 200 926 0.610375
2 200 927 0.614175
2 200 928 0.6126
2 200 929 0.61325
2 200 930 0.61335
2 200 931 0.611125
2 200 932 0.6127
2 200 933 0.611375
2 200 934 0.6087
2 200 935 0.613225
2 200 936 0.61195
2 200 937 0.61335
2 200 938 0.615775
2 200 939 0.6076
2 200 940 0.611875
2 200 941 0.6116
2 200 942 0.6134
2 200 943 0.609575
2 200 944 0.609875
2 200 945 0.613775
2 200 946 0.613
2 200 947 0.609975
2 200 948 0.6117
2 200 949 0.6104
2 200 950 0.610475
2 200 951 0.6132
2 200 952 0.607925
2 200 953 0.6118
2 200 954 0.608475
2 200 955 0.612
2 200 956 0.60925
2 200 957 0.612675
2 200 958 0.609175
2 200 959 0.61125
2 200 960 0.6107
2 200 961 0.614125
2 200 962 0.6082
2 200 963 0.60675
2 200 964 0.611025
2 200 965 0.603975
2 200 966 0.608925
2 200 967 0.60915
2 200 968 0.609925
2 200 969 0.61145
2 200 970 0.61135
2 200 971 0.609
2 200 972 0.612725
2 200 973 0.6117
2 200 974 0.6101
2 200 975 0.610475
2 200 976 0.6125
2 200 977 0.609025
2 200 978 0.609375
2 200 979 0.60505
2 200 980 0.612225
2 200 981 0.6131
2 200 982 0.607
2 200 983 0.608225
2 200 984 0.6076
2 200 985 0.609475
2 200 986 0.609225
2 200 987 0.608625
2 200 988 0.60705
2 200 989 0.60935
2 200 990 0.61095
2 200 991 0.6065
2 200 992 0.610675
2 200 993 0.609425
2 200 994 0.60705
2 200 995 0.612375
2 200 996 0.608075
2 200 997 0.61055
2 200 998 0.6109
2 200 999 0.610575
2 200 1000 0.61075
2 200 1001 0.609625
