1 300 1 0.503974
1 300 2 0.52215
1 300 3 0.53935
1 300 4 0.55645
1 300 5 0.565125
1 300 6 0.574775
1 300 7 0.581775
1 300 8 0.5811
1 300 9 0.587925
1 300 10 0.59565
1 300 11 0.597775
1 300 12 0.6027
1 300 13 0.60115
1 300 14 0.607375
1 300 15 0.61405
1 300 16 0.613975
1 300 17 0.611075
1 300 18 0.612525
1 300 19 0.61545
1 300 20 0.6135
1 300 21 0.6221
1 300 22 0.615575
1 300 23 0.6223
1 300 24 0.6202
1 300 25 0.626725
1 300 26 0.6257
1 300 27 0.622875
1 300 28 0.628875
1 300 29 0.628475
1 300 30 0.628425
1 300 31 0.62745
1 300 32 0.629725
1 300 33 0.628025
1 300 34 0.633225
1 300 35 0.6289
1 300 36 0.6269
1 300 37 0.632675
1 300 38 0.633175
1 300 39 0.632575
1 300 40 0.6333
1 300 41 0.634825
1 300 42 0.639125
1 300 43 0.63605
1 300 44 0.63045
1 300 45 0.634525
1 300 46 0.6347
1 300 47 0.639425
1 300 48 0.642575
1 300 49 0.6465
1 300 50 0.644175
1 300 51 0.6432
1 300 52 0.6407
1 300 53 0.641675
1 300 54 0.637025
1 300 55 0.6371
1 300 56 0.63895
1 300 57 0.6466
1 300 58 0.642825
1 300 59 0.646125
1 300 60 0.64695
1 300 61 0.647825
1 300 62 0.64515
1 300 63 0.645225
1 300 64 0.6449
1 300 65 0.642075
1 300 66 0.637
1 300 67 0.6384
1 300 68 0.6351
1 300 69 0.63855
1 300 70 0.63685
1 300 71 0.636
1 300 72 0.6343
1 300 73 0.636675
1 300 74 0.6373
1 300 75 0.63535
1 300 76 0.6333
1 300 77 0.634525
1 300 78 0.634575
1 300 79 0.635875
1 300 80 0.631625
1 300 81 0.630175
1 300 82 0.63185
1 300 83 0.63255
1 300 84 0.630925
1 300 85 0.635375
1 300 86 0.63745
1 300 87 0.634625
1 300 88 0.6344
1 300 89 0.63185
1 300 90 0.636325
1 300 91 0.635625
1 300 92 0.632625
1 300 93 0.63375
1 300 94 0.638
1 300 95 0.636625
1 300 96 0.63825
1 300 97 0.641525
1 300 98 0.6426
1 300 99 0.645475
1 300 100 0.645575
1 300 101 0.644575
1 300 102 0.6413
1 300 103 0.646775
1 300 104 0.644125
1 300 105 0.649
1 300 106 0.64585
1 300 107 0.649
1 300 108 0.645475
1 300 109 0.6456
1 300 110 0.653275
1 300 111 0.64835
1 300 112 0.64515
1 300 113 0.65085
1 300 114 0.6527
1 300 115 0.6545
1 300 116 0.651
1 300 117 0.650425
1 300 118 0.651675
1 300 119 0.6529
1 300 120 0.653075
1 300 121 0.6499
1 300 122 0.65035
1 300 123 0.651075
1 300 124 0.65515
1 300 125 0.6514
1 300 126 0.6545
1 300 127 0.65405
1 300 128 0.654425
1 300 129 0.654375
1 300 130 0.65325
1 300 131 0.6559
1 300 132 0.652925
1 300 133 0.6559
1 300 134 0.654375
1 300 135 0.6548
1 300 136 0.6536
1 300 137 0.651225
1 300 138 0.656025
1 300 139 0.653475
1 300 140 0.65935
1 300 141 0.6582
1 300 142 0.6547
1 300 143 0.6598
1 300 144 0.65605
1 300 145 0.653575
1 300 146 0.6531
1 300 147 0.6579
1 300 148 0.65525
1 300 149 0.65805
1 300 150 0.657175
1 300 151 0.654075
1 300 152 0.662175
1 300 153 0.65475
1 300 154 0.6584
1 300 155 0.6605
1 300 156 0.6581
1 300 157 0.65555
1 300 158 0.6603
1 300 159 0.6577
1 300 160 0.661
1 300 161 0.659
1 300 162 0.660325
1 300 163 0.6567
1 300 164 0.6574
1 300 165 0.66305
1 300 166 0.660025
1 300 167 0.657025
1 300 168 0.6568
1 300 169 0.65925
1 300 170 0.661075
1 300 171 0.660275
1 300 172 0.656625
1 300 173 0.658175
1 300 174 0.656475
1 300 175 0.657325
1 300 176 0.65565
1 300 177 0.654825
1 300 178 0.65805
1 300 179 0.65485
1 300 180 0.6545
1 300 181 0.659625
1 300 182 0.656175
1 300 183 0.657325
1 300 184 0.65445
1 300 185 0.654525
1 300 186 0.653325
1 300 187 0.6524
1 300 188 0.6513
1 300 189 0.65095
1 300 190 0.6466
1 300 191 0.6493
1 300 192 0.6509
1 300 193 0.6512
1 300 194 0.648125
1 300 195 0.646875
1 300 196 0.649125
1 300 197 0.647825
1 300 198 0.64645
1 300 199 0.643725
1 300 200 0.646675
1 300 201 0.6455
1 300 202 0.64735
1 300 203 0.64155
1 300 204 0.65005
1 300 205 0.647475
1 300 206 0.64585
1 300 207 0.6476
1 300 208 0.64585
1 300 209 0.64225
1 300 210 0.645225
1 300 211 0.642375
1 300 212 0.645475
1 300 213 0.647225
1 300 214 0.6449
1 300 215 0.64295
1 300 216 0.64245
1 300 217 0.644425
1 300 218 0.640625
1 300 219 0.6415
1 300 220 0.644425
1 300 221 0.6426
1 300 222 0.645225
1 300 223 0.6453
1 300 224 0.644
1 300 225 0.64955
1 300 226 0.6432
1 300 227 0.64935
1 300 228 0.6468
1 300 229 0.644575
1 300 230 0.64535
1 300 231 0.647275
1 300 232 0.645975
1 300 233 0.6465
1 300 234 0.6442
1 300 235 0.647775
1 300 236 0.64425
1 300 237 0.645525
1 300 238 0.64175
1 300 239 0.64445
1 300 240 0.64455
1 300 241 0.64915
1 300 242 0.646575
1 300 243 0.64815
1 300 244 0.6476
1 300 245 0.6493
1 300 246 0.64465
1 300 247 0.647125
1 300 248 0.6498
1 300 249 0.64885
1 300 250 0.6477
1 300 251 0.649575
1 300 252 0.64885
1 300 253 0.65035
1 300 254 0.652175
1 300 255 0.6498
1 300 256 0.65195
1 300 257 0.64825
1 300 258 0.6467
1 300 259 0.65025
1 300 260 0.64955
1 300 261 0.645475
1 300 262 0.644775
1 300 263 0.649775
1 300 264 0.6473
1 300 265 0.64975
1 300 266 0.649925
1 300 267 0.6499
1 300 268 0.6537
1 300 269 0.649675
1 300 270 0.6493
1 300 271 0.646175
1 300 272 0.648025
1 300 273 0.64595
1 300 274 0.650575
1 300 275 0.6506
1 300 276 0.6474
1 300 277 0.6497
1 300 278 0.64505
1 300 279 0.6482
1 300 280 0.649275
1 300 281 0.647975
1 300 282 0.651775
1 300 283 0.652
1 300 284 0.6468
1 300 285 0.650925
1 300 286 0.6481
1 300 287 0.6498
1 300 288 0.650375
1 300 289 0.64795
1 300 290 0.64925
1 300 291 0.646225
1 300 292 0.6454
1 300 293 0.64865
1 300 294 0.649325
1 300 295 0.652725
1 300 296 0.647825
1 300 297 0.6486
1 300 298 0.647875
1 300 299 0.647975
1 300 300 0.6498
1 300 301 0.64925
1 300 302 0.6508
1 300 303 0.6466
1 300 304 0.64415
1 300 305 0.6469
1 300 306 0.647975
1 300 307 0.64955
1 300 308 0.646475
1 300 309 0.644375
1 300 310 0.639025
1 300 311 0.645375
1 300 312 0.6424
1 300 313 0.63935
1 300 314 0.641175
1 300 315 0.6414
1 300 316 0.6371
1 300 317 0.6444
1 300 318 0.642975
1 300 319 0.6397
1 300 320 0.642825
1 300 321 0.64225
1 300 322 0.6404
1 300 323 0.639
1 300 324 0.64185
1 300 325 0.639525
1 300 326 0.639025
1 300 327 0.63995
1 300 328 0.641175
1 300 329 0.6392
1 300 330 0.6407
1 300 331 0.64565
1 300 332 0.637725
1 300 333 0.640875
1 300 334 0.6422
1 300 335 0.64555
1 300 336 0.64065
1 300 337 0.643125
1 300 338 0.64015
1 300 339 0.641825
1 300 340 0.6401
1 300 341 0.6398
1 300 342 0.64255
1 300 343 0.647
1 300 344 0.64255
1 300 345 0.63745
1 300 346 0.641025
1 300 347 0.639775
1 300 348 0.641475
1 300 349 0.64285
1 300 350 0.6404
1 300 351 0.646375
1 300 352 0.64215
1 300 353 0.64025
1 300 354 0.64175
1 300 355 0.64465
1 300 356 0.64315
1 300 357 0.64285
1 300 358 0.641075
1 300 359 0.6447
1 300 360 0.64085
1 300 361 0.642225
1 300 362 0.64545
1 300 363 0.642325
1 300 364 0.6446
1 300 365 0.643425
1 300 366 0.643075
1 300 367 0.64465
1 300 368 0.646025
1 300 369 0.644825
1 300 370 0.645025
1 300 371 0.644425
1 300 372 0.647075
1 300 373 0.644825
1 300 374 0.643425
1 300 375 0.645175
1 300 376 0.645375
1 300 377 0.64415
1 300 378 0.646
1 300 379 0.645475
1 300 380 0.64475
1 300 381 0.644825
1 300 382 0.6446
1 300 383 0.645925
1 300 384 0.64075
1 300 385 0.6462
1 300 386 0.64755
1 300 387 0.648925
1 300 388 0.6482
1 300 389 0.6471
1 300 390 0.647825
1 300 391 0.647025
1 300 392 0.644825
1 300 393 0.645725
1 300 394 0.645825
1 300 395 0.649
1 300 396 0.645725
1 300 397 0.649225
1 300 398 0.64885
1 300 399 0.64975
1 300 400 0.647125
1 300 401 0.645775
1 300 402 0.645625
1 300 403 0.65035
1 300 404 0.648275
1 300 405 0.64635
1 300 406 0.647425
1 300 407 0.6494
1 300 408 0.65165
1 300 409 0.655675
1 300 410 0.651075
1 300 411 0.65035
1 300 412 0.652125
1 300 413 0.651675
1 300 414 0.652475
1 300 415 0.65215
1 300 416 0.6511
1 300 417 0.649875
1 300 418 0.65075
1 300 419 0.65285
1 300 420 0.649625
1 300 421 0.653575
1 300 422 0.65245
1 300 423 0.6491
1 300 424 0.6498
1 300 425 0.648425
1 300 426 0.653775
1 300 427 0.654575
1 300 428 0.653925
1 300 429 0.65185
1 300 430 0.653425
1 300 431 0.65545
1 300 432 0.651325
1 300 433 0.653675
1 300 434 0.65475
1 300 435 0.6566
1 300 436 0.6552
1 300 437 0.655075
1 300 438 0.653025
1 300 439 0.657225
1 300 440 0.6537
1 300 441 0.658225
1 300 442 0.658125
1 300 443 0.65505
1 300 444 0.65865
1 300 445 0.66055
1 300 446 0.66025
1 300 447 0.657525
1 300 448 0.65925
1 300 449 0.659975
1 300 450 0.65905
1 300 451 0.65655
1 300 452 0.65715
1 300 453 0.65805
1 300 454 0.66085
1 300 455 0.6583
1 300 456 0.657675
1 300 457 0.65495
1 300 458 0.657375
1 300 459 0.659725
1 300 460 0.658875
1 300 461 0.660075
1 300 462 0.658325
1 300 463 0.660875
1 300 464 0.6617
1 300 465 0.658025
1 300 466 0.65875
1 300 467 0.66435
1 300 468 0.662325
1 300 469 0.659325
1 300 470 0.659075
1 300 471 0.659725
1 300 472 0.662175
1 300 473 0.659175
1 300 474 0.65775
1 300 475 0.65885
1 300 476 0.660475
1 300 477 0.65845
1 300 478 0.6617
1 300 479 0.65885
1 300 480 0.660225
1 300 481 0.65875
1 300 482 0.6645
1 300 483 0.661625
1 300 484 0.660975
1 300 485 0.661625
1 300 486 0.660775
1 300 487 0.66115
1 300 488 0.663125
1 300 489 0.66175
1 300 490 0.665725
1 300 491 0.663775
1 300 492 0.6647
1 300 493 0.665175
1 300 494 0.6649
1 300 495 0.662375
1 300 496 0.664175
1 300 497 0.664725
1 300 498 0.668
1 300 499 0.666875
1 300 500 0.666375
1 300 501 0.66695
1 300 502 0.666875
1 300 503 0.665875
1 300 504 0.662725
1 300 505 0.6645
1 300 506 0.666775
1 300 507 0.667
1 300 508 0.668775
1 300 509 0.6657
1 300 510 0.6644
1 300 511 0.6662
1 300 512 0.661125
1 300 513 0.66545
1 300 514 0.66835
1 300 515 0.66605
1 300 516 0.66685
1 300 517 0.6684
1 300 518 0.661525
1 300 519 0.667425
1 300 520 0.6647
1 300 521 0.665625
1 300 522 0.6632
1 300 523 0.6622
1 300 524 0.66745
1 300 525 0.66605
1 300 526 0.66575
1 300 527 0.665925
1 300 528 0.66555
1 300 529 0.667075
1 300 530 0.663875
1 300 531 0.665175
1 300 532 0.66595
1 300 533 0.6643
1 300 534 0.6656
1 300 535 0.66575
1 300 536 0.665025
1 300 537 0.664875
1 300 538 0.666225
1 300 539 0.6655
1 300 540 0.667725
1 300 541 0.666425
1 300 542 0.664125
1 300 543 0.665675
1 300 544 0.66085
1 300 545 0.662375
1 300 546 0.66615
1 300 547 0.6651
1 300 548 0.66665
1 300 549 0.663775
1 300 550 0.66565
1 300 551 0.6649
1 300 552 0.666275
1 300 553 0.663875
1 300 554 0.668275
1 300 555 0.662675
1 300 556 0.6629
1 300 557 0.668
1 300 558 0.663275
1 300 559 0.6648
1 300 560 0.6628
1 300 561 0.6663
1 300 562 0.664575
1 300 563 0.661875
1 300 564 0.66245
1 300 565 0.663875
1 300 566 0.664075
1 300 567 0.66565
1 300 568 0.661875
1 300 569 0.6645
1 300 570 0.6645
1 300 571 0.6662
1 300 572 0.6624
1 300 573 0.665775
1 300 574 0.665725
1 300 575 0.660975
1 300 576 0.66255
1 300 577 0.66775
1 300 578 0.66155
1 300 579 0.6599
1 300 580 0.661725
1 300 581 0.662475
1 300 582 0.664875
1 300 583 0.667225
1 300 584 0.664925
1 300 585 0.664525
1 300 586 0.663325
1 300 587 0.661575
1 300 588 0.6643
1 300 589 0.665725
1 300 590 0.66535
1 300 591 0.6627
1 300 592 0.664925
1 300 593 0.66465
1 300 594 0.667975
1 300 595 0.662325
1 300 596 0.662425
1 300 597 0.66605
1 300 598 0.665875
1 300 599 0.661825
1 300 600 0.6646
1 300 601 0.6634
1 300 602 0.669725
1 300 603 0.668025
1 300 604 0.664325
1 300 605 0.6664
1 300 606 0.664325
1 300 607 0.6655
1 300 608 0.659875
1 300 609 0.666075
1 300 610 0.667275
1 300 611 0.6629
1 300 612 0.662075
1 300 613 0.661425
1 300 614 0.663575
1 300 615 0.661125
1 300 616 0.6595
1 300 617 0.663125
1 300 618 0.6598
1 300 619 0.6629
1 300 620 0.659425
1 300 621 0.6629
1 300 622 0.6592
1 300 623 0.6625
1 300 624 0.658675
1 300 625 0.66235
1 300 626 0.6628
1 300 627 0.657225
1 300 628 0.65905
1 300 629 0.66235
1 300 630 0.661675
1 300 631 0.65975
1 300 632 0.660625
1 300 633 0.6592
1 300 634 0.658
1 300 635 0.6593
1 300 636 0.65825
1 300 637 0.65775
1 300 638 0.65825
1 300 639 0.65605
1 300 640 0.656925
1 300 641 0.656925
1 300 642 0.6569
1 300 643 0.66015
1 300 644 0.6571
1 300 645 0.658725
1 300 646 0.6572
1 300 647 0.654625
1 300 648 0.658975
1 300 649 0.65595
1 300 650 0.65435
1 300 651 0.656025
1 300 652 0.6561
1 300 653 0.65475
1 300 654 0.658825
1 300 655 0.656275
1 300 656 0.652875
1 300 657 0.6542
1 300 658 0.654625
1 300 659 0.65575
1 300 660 0.65455
1 300 661 0.653725
1 300 662 0.655975
1 300 663 0.6553
1 300 664 0.6547
1 300 665 0.653125
1 300 666 0.6515
1 300 667 0.65525
1 300 668 0.65585
1 300 669 0.655825
1 300 670 0.651575
1 300 671 0.6527
1 300 672 0.652025
1 300 673 0.654625
1 300 674 0.650125
1 300 675 0.65205
1 300 676 0.651425
1 300 677 0.652625
1 300 678 0.653975
1 300 679 0.6515
1 300 680 0.651325
1 300 681 0.6537
1 300 682 0.64895
1 300 683 0.649425
1 300 684 0.653275
1 300 685 0.650975
1 300 686 0.651275
1 300 687 0.649375
1 300 688 0.65105
1 300 689 0.651775
1 300 690 0.650725
1 300 691 0.648375
1 300 692 0.6501
1 300 693 0.652
1 300 694 0.6524
1 300 695 0.651275
1 300 696 0.64905
1 300 697 0.6533
1 300 698 0.648775
1 300 699 0.649525
1 300 700 0.655
1 300 701 0.650075
1 300 702 0.648775
1 300 703 0.651625
1 300 704 0.6506
1 300 705 0.64925
1 300 706 0.647775
1 300 707 0.651175
1 300 708 0.649975
1 300 709 0.647075
1 300 710 0.651875
1 300 711 0.651325
1 300 712 0.65125
1 300 713 0.64955
1 300 714 0.646725
1 300 715 0.6483
1 300 716 0.6514
1 300 717 0.65135
1 300 718 0.645075
1 300 719 0.646375
1 300 720 0.6471
1 300 721 0.647425
1 300 722 0.648725
1 300 723 0.6491
1 300 724 0.647475
1 300 725 0.65025
1 300 726 0.6444
1 300 727 0.6444
1 300 728 0.64835
1 300 729 0.64555
1 300 730 0.64825
1 300 731 0.648375
1 300 732 0.648225
1 300 733 0.647775
1 300 734 0.647375
1 300 735 0.648825
1 300 736 0.64625
1 300 737 0.642725
1 300 738 0.65005
1 300 739 0.649075
1 300 740 0.648325
1 300 741 0.647575
1 300 742 0.64695
1 300 743 0.644775
1 300 744 0.643725
1 300 745 0.645975
1 300 746 0.648325
1 300 747 0.647175
1 300 748 0.646125
1 300 749 0.64555
1 300 750 0.64935
1 300 751 0.6462
1 300 752 0.6457
1 300 753 0.647875
1 300 754 0.647475
1 300 755 0.64705
1 300 756 0.648
1 300 757 0.6483
1 300 758 0.644075
1 300 759 0.647175
1 300 760 0.647625
1 300 761 0.64655
1 300 762 0.643275
1 300 763 0.64835
1 300 764 0.6467
1 300 765 0.646075
1 300 766 0.6419
1 300 767 0.64395
1 300 768 0.64485
1 300 769 0.645475
1 300 770 0.64495
1 300 771 0.646425
1 300 772 0.64635
1 300 773 0.644775
1 300 774 0.64785
1 300 775 0.646025
1 300 776 0.6446
1 300 777 0.642225
1 300 778 0.643825
1 300 779 0.64525
1 300 780 0.645875
1 300 781 0.646725
1 300 782 0.645675
1 300 783 0.6461
1 300 784 0.646375
1 300 785 0.645125
1 300 786 0.645025
1 300 787 0.6436
1 300 788 0.646
1 300 789 0.6436
1 300 790 0.646125
1 300 791 0.646125
1 300 792 0.64365
1 300 793 0.645175
1 300 794 0.64725
1 300 795 0.6428
1 300 796 0.644225
1 300 797 0.645625
1 300 798 0.644925
1 300 799 0.643375
1 300 800 0.641725
1 300 801 0.6452
1 300 802 0.6437
1 300 803 0.6449
1 300 804 0.642775
1 300 805 0.646025
1 300 806 0.64555
1 300 807 0.6413
1 300 808 0.64365
1 300 809 0.6445
1 300 810 0.6435
1 300 811 0.6447
1 300 812 0.640575
1 300 813 0.64795
1 300 814 0.643675
1 300 815 0.6432
1 300 816 0.643825
1 300 817 0.644325
1 300 818 0.64365
1 300 819 0.643025
1 300 820 0.64665
1 300 821 0.64115
1 300 822 0.64575
1 300 823 0.644025
1 300 824 0.6418
1 300 825 0.6408
1 300 826 0.642325
1 300 827 0.6469
1 300 828 0.6431
1 300 829 0.645125
1 300 830 0.6453
1 300 831 0.64315
1 300 832 0.64615
1 300 833 0.643725
1 300 834 0.642675
1 300 835 0.644325
1 300 836 0.646225
1 300 837 0.641375
1 300 838 0.642925
1 300 839 0.6424
1 300 840 0.64175
1 300 841 0.643725
1 300 842 0.64715
1 300 843 0.64975
1 300 844 0.649275
1 300 845 0.643775
1 300 846 0.642925
1 300 847 0.64075
1 300 848 0.64375
1 300 849 0.6428
1 300 850 0.6455
1 300 851 0.643075
1 300 852 0.64
1 300 853 0.64095
1 300 854 0.64405
1 300 855 0.6425
1 300 856 0.64525
1 300 857 0.6468
1 300 858 0.644425
1 300 859 0.643
1 300 860 0.643225
1 300 861 0.64445
1 300 862 0.64265
1 300 863 0.642375
1 300 864 0.6445
1 300 865 0.64085
1 300 866 0.6417
1 300 867 0.6405
1 300 868 0.643175
1 300 869 0.64105
1 300 870 0.645125
1 300 871 0.641375
1 300 872 0.644675
1 300 873 0.64315
1 300 874 0.6451
1 300 875 0.640225
1 300 876 0.645325
1 300 877 0.642675
1 300 878 0.642975
1 300 879 0.640675
1 300 880 0.643425
1 300 881 0.637925
1 300 882 0.642775
1 300 883 0.642625
1 300 884 0.6453
1 300 885 0.647125
1 300 886 0.642375
1 300 887 0.643875
1 300 888 0.6457
1 300 889 0.64305
1 300 890 0.64485
1 300 891 0.641375
1 300 892 0.6413
1 300 893 0.643025
1 300 894 0.643075
1 300 895 0.64475
1 300 896 0.64155
1 300 897 0.641975
1 300 898 0.641025
1 300 899 0.637975
1 300 900 0.6431
1 300 901 0.638425
1 300 902 0.64285
1 300 903 0.6425
1 300 904 0.641675
1 300 905 0.64125
1 300 906 0.6413
1 300 907 0.6429
1 300 908 0.637425
1 300 909 0.645425
1 300 910 0.640525
1 300 911 0.6405
1 300 912 0.638
1 300 913 0.639925
1 300 914 0.640025
1 300 915 0.642425
1 300 916 0.6416
1 300 917 0.640775
1 300 918 0.640375
1 300 919 0.640425
1 300 920 0.63955
1 300 921 0.639275
1 300 922 0.6409
1 300 923 0.6426
1 300 924 0.636975
1 300 925 0.63845
1 300 926 0.6385
1 300 927 0.639125
1 300 928 0.6416
1 300 929 0.63695
1 300 930 0.639175
1 300 931 0.638275
1 300 932 0.639425
1 300 933 0.639325
1 300 934 0.636575
1 300 935 0.64095
1 300 936 0.638175
1 300 937 0.632875
1 300 938 0.638825
1 300 939 0.638575
1 300 940 0.634575
1 300 941 0.633475
1 300 942 0.63725
1 300 943 0.63635
1 300 944 0.637725
1 300 945 0.633675
1 300 946 0.633325
1 300 947 0.6406
1 300 948 0.64
1 300 949 0.633775
1 300 950 0.635375
1 300 951 0.632275
1 300 952 0.633225
1 300 953 0.6367
1 300 954 0.62985
1 300 955 0.63445
1 300 956 0.632525
1 300 957 0.6322
1 300 958 0.63465
1 300 959 0.63135
1 300 960 0.63235
1 300 961 0.6324
1 300 962 0.6369
1 300 963 0.63385
1 300 964 0.630325
1 300 965 0.63185
1 300 966 0.632275
1 300 967 0.632925
1 300 968 0.632125
1 300 969 0.632525
1 300 970 0.629275
1 300 971 0.6332
1 300 972 0.629375
1 300 973 0.63405
1 300 974 0.6291
1 300 975 0.62875
1 300 976 0.632025
1 300 977 0.63465
1 300 978 0.6312
1 300 979 0.62885
1 300 980 0.62885
1 300 981 0.62895
1 300 982 0.629325
1 300 983 0.6315
1 300 984 0.630325
1 300 985 0.631925
1 300 986 0.627475
1 300 987 0.628475
1 300 988 0.631175
1 300 989 0.6309
1 300 990 0.628975
1 300 991 0.62855
1 300 992 0.624225
1 300 993 0.625575
1 300 994 0.62775
1 300 995 0.630925
1 300 996 0.630675
1 300 997 0.62815
1 300 998 0.627325
1 300 999 0.63175
1 300 1000 0.62845
1 300 1001 0.625725
2 300 1 0.504925
2 300 2 0.5302
2 300 3 0.54415
2 300 4 0.5592
2 300 5 0.569525
2 300 6 0.573475
2 300 7 0.578625
2 300 8 0.582875
2 300 9 0.58445
2 300 10 0.598175
2 300 11 0.599925
2 300 12 0.599025
2 300 13 0.602875
2 300 14 0.6037
2 300 15 0.60875
2 300 16 0.613975
2 300 17 0.61015
2 300 18 0.612975
2 300 19 0.615
2 300 20 0.618425
2 300 21 0.622475
2 300 22 0.619
2 300 23 0.62305
2 300 24 0.624425
2 300 25 0.6244
2 300 26 0.6241
2 300 27 0.6251
2 300 28 0.628375
2 300 29 0.631075
2 300 30 0.628575
2 300 31 0.631125
2 300 32 0.625225
2 300 33 0.626225
2 300 34 0.625525
2 300 35 0.629125
2 300 36 0.63095
2 300 37 0.6334
2 300 38 0.6342
2 300 39 0.63325
2 300 40 0.6348
2 300 41 0.63925
2 300 42 0.635125
2 300 43 0.634025
2 300 44 0.636225
2 300 45 0.63095
2 300 46 0.63605
2 300 47 0.637625
2 300 48 0.6442
2 300 49 0.64725
2 300 50 0.648675
2 300 51 0.642875
2 300 52 0.643575
2 300 53 0.637425
2 300 54 0.638975
2 300 55 0.639475
2 300 56 0.6405
2 300 57 0.641675
2 300 58 0.64495
2 300 59 0.645725
2 300 60 0.64705
2 300 61 0.641275
2 300 62 0.649725
2 300 63 0.645925
2 300 64 0.644625
2 300 65 0.637525
2 300 66 0.636625
2 300 67 0.6364
2 300 68 0.635375
2 300 69 0.637675
2 300 70 0.6368
2 300 71 0.63245
2 300 72 0.63505
2 300 73 0.6367
2 300 74 0.636375
2 300 75 0.63495
2 300 76 0.6321
2 300 77 0.638075
2 300 78 0.63415
2 300 79 0.630375
2 300 80 0.635725
2 300 81 0.630775
2 300 82 0.632775
2 300 83 0.634075
2 300 84 0.629725
2 300 85 0.633
2 300 86 0.6339
2 300 87 0.632675
2 300 88 0.63105
2 300 89 0.63655
2 300 90 0.6356
2 300 91 0.636225
2 300 92 0.635175
2 300 93 0.6357
2 300 94 0.63705
2 300 95 0.637975
2 300 96 0.64385
2 300 97 0.640225
2 300 98 0.642025
2 300 99 0.64075
2 300 100 0.6438
2 300 101 0.645525
2 300 102 0.642775
2 300 103 0.645425
2 300 104 0.645575
2 300 105 0.64685
2 300 106 0.6425
2 300 107 0.648475
2 300 108 0.648975
2 300 109 0.6482
2 300 110 0.6464
2 300 111 0.647925
2 300 112 0.651075
2 300 113 0.65125
2 300 114 0.6493
2 300 115 0.652425
2 300 116 0.650925
2 300 117 0.65395
2 300 118 0.65215
2 300 119 0.65285
2 300 120 0.6534
2 300 121 0.649575
2 300 122 0.652875
2 300 123 0.651175
2 300 124 0.652
2 300 125 0.648675
2 300 126 0.65475
2 300 127 0.654
2 300 128 0.6578
2 300 129 0.6537
2 300 130 0.65375
2 300 131 0.652675
2 300 132 0.655475
2 300 133 0.654525
2 300 134 0.657125
2 300 135 0.655125
2 300 136 0.65155
2 300 137 0.652275
2 300 138 0.65795
2 300 139 0.6549
2 300 140 0.6528
2 300 141 0.655925
2 300 142 0.65635
2 300 143 0.656675
2 300 144 0.6537
2 300 145 0.65555
2 300 146 0.65455
2 300 147 0.66005
2 300 148 0.657025
2 300 149 0.659075
2 300 150 0.6574
2 300 151 0.660275
2 300 152 0.65865
2 300 153 0.6557
2 300 154 0.655175
2 300 155 0.659925
2 300 156 0.65675
2 300 157 0.661675
2 300 158 0.6583
2 300 159 0.657425
2 300 160 0.66135
2 300 161 0.6588
2 300 162 0.6597
2 300 163 0.65985
2 300 164 0.6617
2 300 165 0.664075
2 300 166 0.66105
2 300 167 0.66115
2 300 168 0.662125
2 300 169 0.6571
2 300 170 0.65685
2 300 171 0.66045
2 300 172 0.656575
2 300 173 0.6639
2 300 174 0.659675
2 300 175 0.65765
2 300 176 0.65735
2 300 177 0.65765
2 300 178 0.655175
2 300 179 0.6553
2 300 180 0.657775
2 300 181 0.65515
2 300 182 0.65785
2 300 183 0.65545
2 300 184 0.65965
2 300 185 0.655525
2 300 186 0.649875
2 300 187 0.6547
2 300 188 0.65155
2 300 189 0.648975
2 300 190 0.648525
2 300 191 0.646175
2 300 192 0.652975
2 300 193 0.65025
2 300 194 0.6468
2 300 195 0.646525
2 300 196 0.6491
2 300 197 0.643725
2 300 198 0.64845
2 300 199 0.647875
2 300 200 0.64825
2 300 201 0.646625
2 300 202 0.6445
2 300 203 0.64705
2 300 204 0.64765
2 300 205 0.64325
2 300 206 0.64395
2 300 207 0.64695
2 300 208 0.651275
2 300 209 0.64465
2 300 210 0.64295
2 300 211 0.6474
2 300 212 0.646
2 300 213 0.64395
2 300 214 0.6467
2 300 215 0.64735
2 300 216 0.64525
2 300 217 0.644425
2 300 218 0.644825
2 300 219 0.642875
2 300 220 0.6482
2 300 221 0.6492
2 300 222 0.6462
2 300 223 0.6489
2 300 224 0.644625
2 300 225 0.648275
2 300 226 0.64425
2 300 227 0.64315
2 300 228 0.644475
2 300 229 0.647225
2 300 230 0.650375
2 300 231 0.648775
2 300 232 0.6453
2 300 233 0.6487
2 300 234 0.644425
2 300 235 0.647125
2 300 236 0.643875
2 300 237 0.645575
2 300 238 0.646575
2 300 239 0.64845
2 300 240 0.6409
2 300 241 0.64615
2 300 242 0.64415
2 300 243 0.6484
2 300 244 0.64575
2 300 245 0.6457
2 300 246 0.646675
2 300 247 0.6498
2 300 248 0.647225
2 300 249 0.648075
2 300 250 0.6476
2 300 251 0.6488
2 300 252 0.650925
2 300 253 0.64975
2 300 254 0.645225
2 300 255 0.648475
2 300 256 0.648625
2 300 257 0.64975
2 300 258 0.647925
2 300 259 0.64835
2 300 260 0.647425
2 300 261 0.65385
2 300 262 0.646575
2 300 263 0.6518
2 300 264 0.65405
2 300 265 0.647225
2 300 266 0.649375
2 300 267 0.649
2 300 268 0.647425
2 300 269 0.648925
2 300 270 0.644825
2 300 271 0.649
2 300 272 0.649575
2 300 273 0.648675
2 300 274 0.64845
2 300 275 0.6511
2 300 276 0.650575
2 300 277 0.64555
2 300 278 0.647375
2 300 279 0.650075
2 300 280 0.652025
2 300 281 0.6486
2 300 282 0.6535
2 300 283 0.64895
2 300 284 0.645575
2 300 285 0.64805
2 300 286 0.647675
2 300 287 0.649075
2 300 288 0.647275
2 300 289 0.650325
2 300 290 0.647775
2 300 291 0.65215
2 300 292 0.65105
2 300 293 0.65085
2 300 294 0.649025
2 300 295 0.650825
2 300 296 0.650075
2 300 297 0.643425
2 300 298 0.647475
2 300 299 0.64875
2 300 300 0.64605
2 300 301 0.64575
2 300 302 0.648425
2 300 303 0.644425
2 300 304 0.646025
2 300 305 0.6447
2 300 306 0.650225
2 300 307 0.6488
2 300 308 0.645125
2 300 309 0.64285
2 300 310 0.6413
2 300 311 0.64505
2 300 312 0.6429
2 300 313 0.640875
2 300 314 0.63795
2 300 315 0.64165
2 300 316 0.6411
2 300 317 0.6397
2 300 318 0.6465
2 300 319 0.637025
2 300 320 0.639825
2 300 321 0.644725
2 300 322 0.64155
2 300 323 0.6408
2 300 324 0.64335
2 300 325 0.640175
2 300 326 0.63695
2 300 327 0.64275
2 300 328 0.640925
2 300 329 0.6396
2 300 330 0.642375
2 300 331 0.639525
2 300 332 0.641625
2 300 333 0.63845
2 300 334 0.6408
2 300 335 0.636775
2 300 336 0.641025
2 300 337 0.6419
2 300 338 0.638375
2 300 339 0.6426
2 300 340 0.63715
2 300 341 0.6402
2 300 342 0.642075
2 300 343 0.6409
2 300 344 0.6434
2 300 345 0.645125
2 300 346 0.6451
2 300 347 0.6433
2 300 348 0.641225
2 300 349 0.64515
2 300 350 0.64505
2 300 351 0.639275
2 300 352 0.6437
2 300 353 0.64155
2 300 354 0.64335
2 300 355 0.64385
2 300 356 0.6425
2 300 357 0.64045
2 300 358 0.6424
2 300 359 0.640175
2 300 360 0.643275
2 300 361 0.640725
2 300 362 0.644025
2 300 363 0.645325
2 300 364 0.642125
2 300 365 0.646525
2 300 366 0.647725
2 300 367 0.64175
2 300 368 0.645875
2 300 369 0.64385
2 300 370 0.64485
2 300 371 0.647275
2 300 372 0.63975
2 300 373 0.641275
2 300 374 0.6453
2 300 375 0.643975
2 300 376 0.645175
2 300 377 0.64755
2 300 378 0.6422
2 300 379 0.644025
2 300 380 0.647625
2 300 381 0.648025
2 300 382 0.647225
2 300 383 0.6475
2 300 384 0.6433
2 300 385 0.645925
2 300 386 0.644575
2 300 387 0.647375
2 300 388 0.6505
2 300 389 0.643675
2 300 390 0.646925
2 300 391 0.643925
2 300 392 0.648625
2 300 393 0.647025
2 300 394 0.649275
2 300 395 0.647125
2 300 396 0.647125
2 300 397 0.645825
2 300 398 0.649475
2 300 399 0.64915
2 300 400 0.6478
2 300 401 0.650275
2 300 402 0.651975
2 300 403 0.6477
2 300 404 0.647325
2 300 405 0.647625
2 300 406 0.648775
2 300 407 0.64835
2 300 408 0.648675
2 300 409 0.649575
2 300 410 0.649725
2 300 411 0.6514
2 300 412 0.6478
2 300 413 0.6512
2 300 414 0.6508
2 300 415 0.648575
2 300 416 0.650725
2 300 417 0.649425
2 300 418 0.652325
2 300 419 0.652575
2 300 420 0.650025
2 300 421 0.65435
2 300 422 0.652875
2 300 423 0.65165
2 300 424 0.64705
2 300 425 0.651175
2 300 426 0.650075
2 300 427 0.653
2 300 428 0.65265
2 300 429 0.65815
2 300 430 0.653075
2 300 431 0.65295
2 300 432 0.6537
2 300 433 0.655175
2 300 434 0.6558
2 300 435 0.655575
2 300 436 0.65235
2 300 437 0.655
2 300 438 0.656225
2 300 439 0.65625
2 300 440 0.65515
2 300 441 0.6548
2 300 442 0.655275
2 300 443 0.659875
2 300 444 0.6594
2 300 445 0.6574
2 300 446 0.65905
2 300 447 0.656175
2 300 448 0.657175
2 300 449 0.656375
2 300 450 0.656575
2 300 451 0.658825
2 300 452 0.659025
2 300 453 0.657725
2 300 454 0.660125
2 300 455 0.658175
2 300 456 0.660425
2 300 457 0.660875
2 300 458 0.657525
2 300 459 0.6594
2 300 460 0.661225
2 300 461 0.6573
2 300 462 0.6579
2 300 463 0.66275
2 300 464 0.658275
2 300 465 0.6594
2 300 466 0.6621
2 300 467 0.6609
2 300 468 0.6622
2 300 469 0.66185
2 300 470 0.66105
2 300 471 0.654875
2 300 472 0.658375
2 300 473 0.662325
2 300 474 0.6642
2 300 475 0.659775
2 300 476 0.66025
2 300 477 0.658475
2 300 478 0.65945
2 300 479 0.66345
2 300 480 0.65845
2 300 481 0.6601
2 300 482 0.662575
2 300 483 0.66265
2 300 484 0.661425
2 300 485 0.66655
2 300 486 0.6619
2 300 487 0.66235
2 300 488 0.66465
2 300 489 0.662275
2 300 490 0.664425
2 300 491 0.664625
2 300 492 0.662775
2 300 493 0.663475
2 300 494 0.665475
2 300 495 0.667925
2 300 496 0.662975
2 300 497 0.663825
2 300 498 0.661675
2 300 499 0.66485
2 300 500 0.6643
2 300 501 0.6642
2 300 502 0.663525
2 300 503 0.66605
2 300 504 0.66515
2 300 505 0.668
2 300 506 0.664325
2 300 507 0.66395
2 300 508 0.6647
2 300 509 0.667
2 300 510 0.66825
2 300 511 0.668575
2 300 512 0.667675
2 300 513 0.6666
2 300 514 0.663675
2 300 515 0.663725
2 300 516 0.664075
2 300 517 0.664025
2 300 518 0.66845
2 300 519 0.666725
2 300 520 0.66185
2 300 521 0.664475
2 300 522 0.66595
2 300 523 0.665725
2 300 524 0.6633
2 300 525 0.665575
2 300 526 0.66695
2 300 527 0.66525
2 300 528 0.66
2 300 529 0.666175
2 300 530 0.6638
2 300 531 0.6642
2 300 532 0.6654
2 300 533 0.662625
2 300 534 0.66485
2 300 535 0.6642
2 300 536 0.6667
2 300 537 0.662475
2 300 538 0.667
2 300 539 0.665825
2 300 540 0.66375
2 300 541 0.667025
2 300 542 0.664475
2 300 543 0.663425
2 300 544 0.6688
2 300 545 0.666225
2 300 546 0.66575
2 300 547 0.662425
2 300 548 0.66425
2 300 549 0.666075
2 300 550 0.66295
2 300 551 0.669725
2 300 552 0.664575
2 300 553 0.666725
2 300 554 0.6669
2 300 555 0.66425
2 300 556 0.6613
2 300 557 0.662875
2 300 558 0.66445
2 300 559 0.66645
2 300 560 0.661875
2 300 561 0.66685
2 300 562 0.663675
2 300 563 0.66545
2 300 564 0.6648
2 300 565 0.665675
2 300 566 0.6617
2 300 567 0.663425
2 300 568 0.66185
2 300 569 0.665925
2 300 570 0.66475
2 300 571 0.666925
2 300 572 0.665
2 300 573 0.664575
2 300 574 0.664425
2 300 575 0.662625
2 300 576 0.665775
2 300 577 0.664325
2 300 578 0.664875
2 300 579 0.6634
2 300 580 0.6644
2 300 581 0.664675
2 300 582 0.66815
2 300 583 0.66455
2 300 584 0.662725
2 300 585 0.66385
2 300 586 0.6652
2 300 587 0.66355
2 300 588 0.66465
2 300 589 0.66365
2 300 590 0.66225
2 300 591 0.664525
2 300 592 0.664425
2 300 593 0.666375
2 300 594 0.6638
2 300 595 0.66795
2 300 596 0.66305
2 300 597 0.66265
2 300 598 0.66445
2 300 599 0.664075
2 300 600 0.665875
2 300 601 0.663325
2 300 602 0.6624
2 300 603 0.66545
2 300 604 0.66625
2 300 605 0.6621
2 300 606 0.66125
2 300 607 0.663625
2 300 608 0.6637
2 300 609 0.663825
2 300 610 0.66045
2 300 611 0.662075
2 300 612 0.662175
2 300 613 0.656275
2 300 614 0.66275
2 300 615 0.657175
2 300 616 0.663
2 300 617 0.664525
2 300 618 0.6626
2 300 619 0.662775
2 300 620 0.661825
2 300 621 0.6616
2 300 622 0.660025
2 300 623 0.659075
2 300 624 0.664025
2 300 625 0.660325
2 300 626 0.661975
2 300 627 0.65955
2 300 628 0.658075
2 300 629 0.66165
2 300 630 0.66115
2 300 631 0.65965
2 300 632 0.660675
2 300 633 0.66065
2 300 634 0.66015
2 300 635 0.65795
2 300 636 0.65955
2 300 637 0.65655
2 300 638 0.657825
2 300 639 0.659925
2 300 640 0.6587
2 300 641 0.659425
2 300 642 0.6551
2 300 643 0.66055
2 300 644 0.653775
2 300 645 0.657375
2 300 646 0.658625
2 300 647 0.65855
2 300 648 0.6568
2 300 649 0.655225
2 300 650 0.6561
2 300 651 0.65495
2 300 652 0.658525
2 300 653 0.653525
2 300 654 0.6549
2 300 655 0.65325
2 300 656 0.65405
2 300 657 0.654675
2 300 658 0.655975
2 300 659 0.65215
2 300 660 0.6548
2 300 661 0.654325
2 300 662 0.65475
2 300 663 0.656375
2 300 664 0.65365
2 300 665 0.6551
2 300 666 0.654075
2 300 667 0.654225
2 300 668 0.6551
2 300 669 0.656125
2 300 670 0.656525
2 300 671 0.652575
2 300 672 0.652025
2 300 673 0.65355
2 300 674 0.652075
2 300 675 0.653825
2 300 676 0.65135
2 300 677 0.6536
2 300 678 0.6516
2 300 679 0.6538
2 300 680 0.652725
2 300 681 0.651175
2 300 682 0.651975
2 300 683 0.6508
2 300 684 0.65145
2 300 685 0.649675
2 300 686 0.650875
2 300 687 0.649
2 300 688 0.6536
2 300 689 0.650925
2 300 690 0.6516
2 300 691 0.649275
2 300 692 0.65
2 300 693 0.651775
2 300 694 0.64865
2 300 695 0.652675
2 300 696 0.647425
2 300 697 0.650825
2 300 698 0.6501
2 300 699 0.65205
2 300 700 0.6498
2 300 701 0.649775
2 300 702 0.648575
2 300 703 0.64825
2 300 704 0.65415
2 300 705 0.65005
2 300 706 0.65015
2 300 707 0.648975
2 300 708 0.646375
2 300 709 0.6493
2 300 710 0.647875
2 300 711 0.645675
2 300 712 0.650175
2 300 713 0.647725
2 300 714 0.647275
2 300 715 0.647525
2 300 716 0.650025
2 300 717 0.65005
2 300 718 0.648275
2 300 719 0.649975
2 300 720 0.646475
2 300 721 0.64805
2 300 722 0.647875
2 300 723 0.64775
2 300 724 0.650575
2 300 725 0.65305
2 300 726 0.64955
2 300 727 0.6441
2 300 728 0.6501
2 300 729 0.647425
2 300 730 0.6476
2 300 731 0.6471
2 300 732 0.644675
2 300 733 0.64895
2 300 734 0.648725
2 300 735 0.647475
2 300 736 0.6476
2 300 737 0.6459
2 300 738 0.644625
2 300 739 0.646775
2 300 740 0.650675
2 300 741 0.64805
2 300 742 0.642675
2 300 743 0.646
2 300 744 0.647425
2 300 745 0.64905
2 300 746 0.648875
2 300 747 0.6465
2 300 748 0.646
2 300 749 0.6465
2 300 750 0.64845
2 300 751 0.6481
2 300 752 0.644675
2 300 753 0.644125
2 300 754 0.6449
2 300 755 0.64545
2 300 756 0.648
2 300 757 0.6456
2 300 758 0.645675
2 300 759 0.645075
2 300 760 0.647075
2 300 761 0.646825
2 300 762 0.64775
2 300 763 0.647275
2 300 764 0.648225
2 300 765 0.646225
2 300 766 0.646275
2 300 767 0.647025
2 300 768 0.6449
2 300 769 0.645575
2 300 770 0.6493
2 300 771 0.6432
2 300 772 0.6442
2 300 773 0.648175
2 300 774 0.648075
2 300 775 0.64625
2 300 776 0.647975
2 300 777 0.648425
2 300 778 0.64475
2 300 779 0.642875
2 300 780 0.6496
2 300 781 0.6452
2 300 782 0.64475
2 300 783 0.643975
2 300 784 0.64495
2 300 785 0.64775
2 300 786 0.6449
2 300 787 0.647
2 300 788 0.64375
2 300 789 0.644075
2 300 790 0.642625
2 300 791 0.6453
2 300 792 0.64555
2 300 793 0.642625
2 300 794 0.6443
2 300 795 0.6462
2 300 796 0.64315
2 300 797 0.64385
2 300 798 0.647625
2 300 799 0.6461
2 300 800 0.64355
2 300 801 0.643175
2 300 802 0.643575
2 300 803 0.64305
2 300 804 0.645025
2 300 805 0.646225
2 300 806 0.645625
2 300 807 0.643625
2 300 808 0.6443
2 300 809 0.6445
2 300 810 0.64615
2 300 811 0.640625
2 300 812 0.644775
2 300 813 0.645475
2 300 814 0.647275
2 300 815 0.646575
2 300 816 0.6454
2 300 817 0.645875
2 300 818 0.645625
2 300 819 0.644825
2 300 820 0.644375
2 300 821 0.644225
2 300 822 0.6446
2 300 823 0.63935
2 300 824 0.646575
2 300 825 0.64405
2 300 826 0.6429
2 300 827 0.643775
2 300 828 0.642475
2 300 829 0.642725
2 300 830 0.646125
2 300 831 0.648475
2 300 832 0.64395
2 300 833 0.644725
2 300 834 0.643575
2 300 835 0.644025
2 300 836 0.643625
2 300 837 0.644175
2 300 838 0.646125
2 300 839 0.647575
2 300 840 0.640575
2 300 841 0.642
2 300 842 0.6446
2 300 843 0.642375
2 300 844 0.645725
2 300 845 0.64135
2 300 846 0.643525
2 300 847 0.64375
2 300 848 0.641975
2 300 849 0.644975
2 300 850 0.6396
2 300 851 0.645075
2 300 852 0.64205
2 300 853 0.64495
2 300 854 0.641375
2 300 855 0.6425
2 300 856 0.6409
2 300 857 0.642175
2 300 858 0.64165
2 300 859 0.6442
2 300 860 0.64475
2 300 861 0.64155
2 300 862 0.64385
2 300 863 0.643425
2 300 864 0.6441
2 300 865 0.641
2 300 866 0.639225
2 300 867 0.6438
2 300 868 0.639175
2 300 869 0.642125
2 300 870 0.640925
2 300 871 0.641125
2 300 872 0.6441
2 300 873 0.642275
2 300 874 0.64225
2 300 875 0.644825
2 300 876 0.6398
2 300 877 0.6447
2 300 878 0.642775
2 300 879 0.642
2 300 880 0.642625
2 300 881 0.643325
2 300 882 0.645475
2 300 883 0.6448
2 300 884 0.643075
2 300 885 0.6407
2 300 886 0.644975
2 300 887 0.6414
2 300 888 0.646125
2 300 889 0.644675
2 300 890 0.6446
2 300 891 0.643
2 300 892 0.64375
2 300 893 0.6449
2 300 894 0.644225
2 300 895 0.64275
2 300 896 0.64045
2 300 897 0.6403
2 300 898 0.64645
2 300 899 0.643225
2 300 900 0.642225
2 300 901 0.643725
2 300 902 0.64245
2 300 903 0.641825
2 300 904 0.6429
2 300 905 0.64025
2 300 906 0.642775
2 300 907 0.64345
2 300 908 0.641725
2 300 909 0.639625
2 300 910 0.641625
2 300 911 0.645025
2 300 912 0.641175
2 300 913 0.6425
2 300 914 0.63955
2 300 915 0.64485
2 300 916 0.64515
2 300 917 0.64125
2 300 918 0.63885
2 300 919 0.638425
2 300 920 0.6411
2 300 921 0.64105
2 300 922 0.64185
2 300 923 0.6432
2 300 924 0.6393
2 300 925 0.637775
2 300 926 0.63825
2 300 927 0.638325
2 300 928 0.63565
2 300 929 0.64265
2 300 930 0.637525
2 300 931 0.6397
2 300 932 0.63685
2 300 933 0.63785
2 300 934 0.6401
2 300 935 0.638225
2 300 936 0.6361
2 300 937 0.63765
2 300 938 0.6341
2 300 939 0.638125
2 300 940 0.635575
2 300 941 0.6344
2 300 942 0.635975
2 300 943 0.636125
2 300 944 0.641275
2 300 945 0.636475
2 300 946 0.634325
2 300 947 0.63595
2 300 948 0.634375
2 300 949 0.633075
2 300 950 0.6355
2 300 951 0.6332
2 300 952 0.632125
2 300 953 0.63435
2 300 954 0.62935
2 300 955 0.6322
2 300 956 0.6338
2 300 957 0.63325
2 300 958 0.633675
2 300 959 0.631375
2 300 960 0.63025
2 300 961 0.635925
2 300 962 0.6338
2 300 963 0.63385
2 300 964 0.6278
2 300 965 0.63305
2 300 966 0.6322
2 300 967 0.63
2 300 968 0.631225
2 300 969 0.6354
2 300 970 0.6325
2 300 971 0.632525
2 300 972 0.631925
2 300 973 0.632275
2 300 974 0.631825
2 300 975 0.627625
2 300 976 0.63155
2 300 977 0.631175
2 300 978 0.6316
2 300 979 0.631075
2 300 980 0.631175
2 300 981 0.6308
2 300 982 0.629625
2 300 983 0.6311
2 300 984 0.6271
2 300 985 0.6288
2 300 986 0.630275
2 300 987 0.627375
2 300 988 0.63205
2 300 989 0.6296
2 300 990 0.62955
2 300 991 0.63065
2 300 992 0.63045
2 300 993 0.628775
2 300 994 0.6281
2 300 995 0.629725
2 300 996 0.628975
2 300 997 0.630575
2 300 998 0.62985
2 300 999 0.627475
2 300 1000 0.62875
2 300 1001 0.630425
