1 400 1 0.502795
1 400 2 0.533075
1 400 3 0.549325
1 400 4 0.566075
1 400 5 0.575875
1 400 6 0.581125
1 400 7 0.5902
1 400 8 0.59625
1 400 9 0.598225
1 400 10 0.606125
1 400 11 0.609075
1 400 12 0.6073
1 400 13 0.620025
1 400 14 0.61845
1 400 15 0.622375
1 400 16 0.621775
1 400 17 0.626925
1 400 18 0.62405
1 400 19 0.6255
1 400 20 0.6304
1 400 21 0.629875
1 400 22 0.6329
1 400 23 0.63305
1 400 24 0.63645
1 400 25 0.636425
1 400 26 0.63615
1 400 27 0.640175
1 400 28 0.64495
1 400 29 0.64215
1 400 30 0.6395
1 400 31 0.64185
1 400 32 0.637425
1 400 33 0.643725
1 400 34 0.644525
1 400 35 0.64315
1 400 36 0.643925
1 400 37 0.649825
1 400 38 0.647925
1 400 39 0.646125
1 400 40 0.648225
1 400 41 0.6472
1 400 42 0.6469
1 400 43 0.6488
1 400 44 0.64655
1 400 45 0.644425
1 400 46 0.6484
1 400 47 0.65035
1 400 48 0.65075
1 400 49 0.6537
1 400 50 0.647725
1 400 51 0.649875
1 400 52 0.6496
1 400 53 0.6558
1 400 54 0.659675
1 400 55 0.660725
1 400 56 0.662425
1 400 57 0.65765
1 400 58 0.659175
1 400 59 0.660525
1 400 60 0.6602
1 400 61 0.660725
1 400 62 0.65825
1 400 63 0.66525
1 400 64 0.660175
1 400 65 0.6645
1 400 66 0.66315
1 400 67 0.66125
1 400 68 0.661225
1 400 69 0.655475
1 400 70 0.6581
1 400 71 0.65645
1 400 72 0.650825
1 400 73 0.650975
1 400 74 0.6516
1 400 75 0.648575
1 400 76 0.65245
1 400 77 0.6513
1 400 78 0.648925
1 400 79 0.649625
1 400 80 0.651825
1 400 81 0.649575
1 400 82 0.6475
1 400 83 0.645325
1 400 84 0.64125
1 400 85 0.6445
1 400 86 0.6418
1 400 87 0.64225
1 400 88 0.64795
1 400 89 0.64635
1 400 90 0.647225
1 400 91 0.6421
1 400 92 0.64575
1 400 93 0.65065
1 400 94 0.646425
1 400 95 0.64565
1 400 96 0.6489
1 400 97 0.651775
1 400 98 0.651825
1 400 99 0.651625
1 400 100 0.6563
1 400 101 0.657325
1 400 102 0.65535
1 400 103 0.655875
1 400 104 0.655825
1 400 105 0.66005
1 400 106 0.655175
1 400 107 0.6576
1 400 108 0.65945
1 400 109 0.6587
1 400 110 0.657575
1 400 111 0.65945
1 400 112 0.6621
1 400 113 0.660325
1 400 114 0.6605
1 400 115 0.659325
1 400 116 0.660575
1 400 117 0.66255
1 400 118 0.65775
1 400 119 0.663975
1 400 120 0.657675
1 400 121 0.6648
1 400 122 0.66325
1 400 123 0.662275
1 400 124 0.668275
1 400 125 0.66825
1 400 126 0.6674
1 400 127 0.667425
1 400 128 0.6663
1 400 129 0.66655
1 400 130 0.666325
1 400 131 0.6676
1 400 132 0.664625
1 400 133 0.6687
1 400 134 0.66595
1 400 135 0.665125
1 400 136 0.665925
1 400 137 0.67035
1 400 138 0.6729
1 400 139 0.6717
1 400 140 0.671075
1 400 141 0.6754
1 400 142 0.673
1 400 143 0.674625
1 400 144 0.673525
1 400 145 0.67695
1 400 146 0.673525
1 400 147 0.6742
1 400 148 0.676225
1 400 149 0.677825
1 400 150 0.6745
1 400 151 0.6766
1 400 152 0.676925
1 400 153 0.679
1 400 154 0.67735
1 400 155 0.67775
1 400 156 0.677875
1 400 157 0.67555
1 400 158 0.678425
1 400 159 0.6774
1 400 160 0.6752
1 400 161 0.68085
1 400 162 0.677775
1 400 163 0.6775
1 400 164 0.67895
1 400 165 0.6772
1 400 166 0.6779
1 400 167 0.679575
1 400 168 0.67615
1 400 169 0.678575
1 400 170 0.6751
1 400 171 0.676175
1 400 172 0.6698
1 400 173 0.675125
1 400 174 0.6715
1 400 175 0.672975
1 400 176 0.67425
1 400 177 0.6743
1 400 178 0.67135
1 400 179 0.67235
1 400 180 0.66475
1 400 181 0.668175
1 400 182 0.6678
1 400 183 0.6682
1 400 184 0.669975
1 400 185 0.667375
1 400 186 0.667725
1 400 187 0.666425
1 400 188 0.660275
1 400 189 0.6665
1 400 190 0.665
1 400 191 0.663175
1 400 192 0.664025
1 400 193 0.66235
1 400 194 0.662075
1 400 195 0.662775
1 400 196 0.6624
1 400 197 0.6631
1 400 198 0.6607
1 400 199 0.6609
1 400 200 0.6627
1 400 201 0.65865
1 400 202 0.66135
1 400 203 0.66385
1 400 204 0.6666
1 400 205 0.664875
1 400 206 0.6641
1 400 207 0.658875
1 400 208 0.662375
1 400 209 0.66175
1 400 210 0.662775
1 400 211 0.663575
1 400 212 0.663275
1 400 213 0.66165
1 400 214 0.661125
1 400 215 0.66575
1 400 216 0.6611
1 400 217 0.660575
1 400 218 0.66685
1 400 219 0.66495
1 400 220 0.663675
1 400 221 0.66495
1 400 222 0.66325
1 400 223 0.665
1 400 224 0.66745
1 400 225 0.661525
1 400 226 0.663525
1 400 227 0.664025
1 400 228 0.66035
1 400 229 0.6595
1 400 230 0.66
1 400 231 0.662775
1 400 232 0.666875
1 400 233 0.662925
1 400 234 0.665575
1 400 235 0.667025
1 400 236 0.6642
1 400 237 0.667775
1 400 238 0.666325
1 400 239 0.664175
1 400 240 0.66505
1 400 241 0.66285
1 400 242 0.6663
1 400 243 0.664025
1 400 244 0.668475
1 400 245 0.66655
1 400 246 0.67115
1 400 247 0.665025
1 400 248 0.6629
1 400 249 0.66625
1 400 250 0.66845
1 400 251 0.667075
1 400 252 0.667125
1 400 253 0.67205
1 400 254 0.666225
1 400 255 0.667175
1 400 256 0.6682
1 400 257 0.6647
1 400 258 0.6695
1 400 259 0.66775
1 400 260 0.66875
1 400 261 0.6674
1 400 262 0.669075
1 400 263 0.6677
1 400 264 0.666675
1 400 265 0.664925
1 400 266 0.668825
1 400 267 0.66805
1 400 268 0.667875
1 400 269 0.666375
1 400 270 0.6659
1 400 271 0.66935
1 400 272 0.6719
1 400 273 0.663275
1 400 274 0.668725
1 400 275 0.665175
1 400 276 0.6673
1 400 277 0.666225
1 400 278 0.667175
1 400 279 0.665025
1 400 280 0.66695
1 400 281 0.6649
1 400 282 0.66885
1 400 283 0.669125
1 400 284 0.6666
1 400 285 0.6658
1 400 286 0.665275
1 400 287 0.660175
1 400 288 0.66525
1 400 289 0.665525
1 400 290 0.6645
1 400 291 0.6677
1 400 292 0.6682
1 400 293 0.663025
1 400 294 0.663975
1 400 295 0.662275
1 400 296 0.661725
1 400 297 0.6621
1 400 298 0.66045
1 400 299 0.664
1 400 300 0.660575
1 400 301 0.660375
1 400 302 0.6635
1 400 303 0.662675
1 400 304 0.658325
1 400 305 0.6625
1 400 306 0.660925
1 400 307 0.6636
1 400 308 0.663675
1 400 309 0.66125
1 400 310 0.6586
1 400 311 0.660625
1 400 312 0.66015
1 400 313 0.658
1 400 314 0.6601
1 400 315 0.657225
1 400 316 0.660375
1 400 317 0.65855
1 400 318 0.656625
1 400 319 0.655975
1 400 320 0.6569
1 400 321 0.65545
1 400 322 0.656525
1 400 323 0.65795
1 400 324 0.65705
1 400 325 0.653975
1 400 326 0.650825
1 400 327 0.6529
1 400 328 0.65515
1 400 329 0.65405
1 400 330 0.650825
1 400 331 0.65445
1 400 332 0.65415
1 400 333 0.65475
1 400 334 0.6511
1 400 335 0.655425
1 400 336 0.65265
1 400 337 0.652025
1 400 338 0.659625
1 400 339 0.653475
1 400 340 0.652775
1 400 341 0.6567
1 400 342 0.656775
1 400 343 0.6542
1 400 344 0.65125
1 400 345 0.659925
1 400 346 0.6534
1 400 347 0.656675
1 400 348 0.656875
1 400 349 0.654175
1 400 350 0.658575
1 400 351 0.656825
1 400 352 0.6562
1 400 353 0.65765
1 400 354 0.658975
1 400 355 0.661675
1 400 356 0.657925
1 400 357 0.6579
1 400 358 0.6585
1 400 359 0.6541
1 400 360 0.6573
1 400 361 0.659375
1 400 362 0.662025
1 400 363 0.66035
1 400 364 0.6587
1 400 365 0.661575
1 400 366 0.660325
1 400 367 0.660825
1 400 368 0.6614
1 400 369 0.66035
1 400 370 0.66355
1 400 371 0.661225
1 400 372 0.66095
1 400 373 0.665625
1 400 374 0.6644
1 400 375 0.664525
1 400 376 0.662125
1 400 377 0.663825
1 400 378 0.66485
1 400 379 0.66085
1 400 380 0.6662
1 400 381 0.6619
1 400 382 0.660825
1 400 383 0.666525
1 400 384 0.663675
1 400 385 0.6672
1 400 386 0.6649
1 400 387 0.666075
1 400 388 0.667725
1 400 389 0.6705
1 400 390 0.666625
1 400 391 0.664975
1 400 392 0.666525
1 400 393 0.66605
1 400 394 0.6728
1 400 395 0.665675
1 400 396 0.67075
1 400 397 0.6707
1 400 398 0.672025
1 400 399 0.6712
1 400 400 0.6696
1 400 401 0.670075
1 400 402 0.671075
1 400 403 0.668925
1 400 404 0.666325
1 400 405 0.6644
1 400 406 0.670775
1 400 407 0.667425
1 400 408 0.670725
1 400 409 0.670525
1 400 410 0.67155
1 400 411 0.666425
1 400 412 0.6664
1 400 413 0.668425
1 400 414 0.672425
1 400 415 0.66815
1 400 416 0.6668
1 400 417 0.6741
1 400 418 0.6689
1 400 419 0.66825
1 400 420 0.671125
1 400 421 0.669475
1 400 422 0.672325
1 400 423 0.67265
1 400 424 0.67325
1 400 425 0.672125
1 400 426 0.672075
1 400 427 0.671925
1 400 428 0.671175
1 400 429 0.6771
1 400 430 0.6744
1 400 431 0.675025
1 400 432 0.67175
1 400 433 0.673975
1 400 434 0.671975
1 400 435 0.670075
1 400 436 0.67255
1 400 437 0.6752
1 400 438 0.6707
1 400 439 0.6712
1 400 440 0.672675
1 400 441 0.668425
1 400 442 0.67235
1 400 443 0.67285
1 400 444 0.67135
1 400 445 0.672775
1 400 446 0.673575
1 400 447 0.675025
1 400 448 0.671775
1 400 449 0.67285
1 400 450 0.673125
1 400 451 0.67805
1 400 452 0.674775
1 400 453 0.676675
1 400 454 0.679825
1 400 455 0.67535
1 400 456 0.675325
1 400 457 0.6723
1 400 458 0.675675
1 400 459 0.675675
1 400 460 0.68095
1 400 461 0.67785
1 400 462 0.67805
1 400 463 0.6792
1 400 464 0.6806
1 400 465 0.674975
1 400 466 0.676275
1 400 467 0.677725
1 400 468 0.682575
1 400 469 0.678975
1 400 470 0.679475
1 400 471 0.6807
1 400 472 0.680125
1 400 473 0.679425
1 400 474 0.678125
1 400 475 0.68175
1 400 476 0.680975
1 400 477 0.6788
1 400 478 0.683775
1 400 479 0.678475
1 400 480 0.68215
1 400 481 0.678775
1 400 482 0.682625
1 400 483 0.6811
1 400 484 0.680425
1 400 485 0.686275
1 400 486 0.6795
1 400 487 0.681
1 400 488 0.68215
1 400 489 0.6777
1 400 490 0.685
1 400 491 0.680625
1 400 492 0.685
1 400 493 0.6816
1 400 494 0.685075
1 400 495 0.68215
1 400 496 0.68515
1 400 497 0.68865
1 400 498 0.686875
1 400 499 0.689275
1 400 500 0.687075
1 400 501 0.686075
1 400 502 0.690525
1 400 503 0.68715
1 400 504 0.688875
1 400 505 0.6879
1 400 506 0.686475
1 400 507 0.6858
1 400 508 0.68825
1 400 509 0.685825
1 400 510 0.6852
1 400 511 0.6851
1 400 512 0.6836
1 400 513 0.6803
1 400 514 0.6811
1 400 515 0.6808
1 400 516 0.68125
1 400 517 0.683775
1 400 518 0.68205
1 400 519 0.681525
1 400 520 0.680975
1 400 521 0.6829
1 400 522 0.683425
1 400 523 0.683225
1 400 524 0.68195
1 400 525 0.68155
1 400 526 0.6846
1 400 527 0.682825
1 400 528 0.676675
1 400 529 0.681475
1 400 530 0.681775
1 400 531 0.6812
1 400 532 0.6805
1 400 533 0.68325
1 400 534 0.6789
1 400 535 0.67955
1 400 536 0.676925
1 400 537 0.67915
1 400 538 0.683575
1 400 539 0.67875
1 400 540 0.6785
1 400 541 0.6795
1 400 542 0.677525
1 400 543 0.6783
1 400 544 0.682025
1 400 545 0.6781
1 400 546 0.680125
1 400 547 0.680325
1 400 548 0.6785
1 400 549 0.68025
1 400 550 0.679325
1 400 551 0.6828
1 400 552 0.6803
1 400 553 0.67925
1 400 554 0.681925
1 400 555 0.6748
1 400 556 0.677475
1 400 557 0.6794
1 400 558 0.679025
1 400 559 0.6771
1 400 560 0.6772
1 400 561 0.678575
1 400 562 0.677
1 400 563 0.67835
1 400 564 0.67805
1 400 565 0.678
1 400 566 0.674925
1 400 567 0.677325
1 400 568 0.6756
1 400 569 0.6764
1 400 570 0.676375
1 400 571 0.676275
1 400 572 0.676825
1 400 573 0.67265
1 400 574 0.67585
1 400 575 0.6749
1 400 576 0.674525
1 400 577 0.67425
1 400 578 0.67465
1 400 579 0.669375
1 400 580 0.673975
1 400 581 0.67515
1 400 582 0.673625
1 400 583 0.6731
1 400 584 0.6747
1 400 585 0.673875
1 400 586 0.673925
1 400 587 0.675025
1 400 588 0.67665
1 400 589 0.675325
1 400 590 0.672975
1 400 591 0.674125
1 400 592 0.67375
1 400 593 0.67355
1 400 594 0.6739
1 400 595 0.675725
1 400 596 0.6725
1 400 597 0.674375
1 400 598 0.6673
1 400 599 0.67305
1 400 600 0.6726
1 400 601 0.6729
1 400 602 0.6706
1 400 603 0.6735
1 400 604 0.668425
1 400 605 0.673575
1 400 606 0.67215
1 400 607 0.671525
1 400 608 0.673075
1 400 609 0.67365
1 400 610 0.673625
1 400 611 0.673925
1 400 612 0.6701
1 400 613 0.6713
1 400 614 0.67535
1 400 615 0.671575
1 400 616 0.674175
1 400 617 0.67225
1 400 618 0.674175
1 400 619 0.674
1 400 620 0.670175
1 400 621 0.6715
1 400 622 0.674
1 400 623 0.671575
1 400 624 0.668675
1 400 625 0.672475
1 400 626 0.6718
1 400 627 0.670575
1 400 628 0.6733
1 400 629 0.6695
1 400 630 0.67305
1 400 631 0.672825
1 400 632 0.67045
1 400 633 0.67155
1 400 634 0.67505
1 400 635 0.669175
1 400 636 0.6712
1 400 637 0.672025
1 400 638 0.673625
1 400 639 0.6672
1 400 640 0.6726
1 400 641 0.672575
1 400 642 0.672425
1 400 643 0.6725
1 400 644 0.667125
1 400 645 0.67605
1 400 646 0.669875
1 400 647 0.67135
1 400 648 0.669125
1 400 649 0.670225
1 400 650 0.67185
1 400 651 0.6713
1 400 652 0.671125
1 400 653 0.67275
1 400 654 0.67065
1 400 655 0.665975
1 400 656 0.67265
1 400 657 0.6675
1 400 658 0.6695
1 400 659 0.672075
1 400 660 0.6723
1 400 661 0.671025
1 400 662 0.67055
1 400 663 0.67325
1 400 664 0.673425
1 400 665 0.67045
1 400 666 0.6719
1 400 667 0.669325
1 400 668 0.672025
1 400 669 0.672125
1 400 670 0.667625
1 400 671 0.669625
1 400 672 0.672575
1 400 673 0.67145
1 400 674 0.6687
1 400 675 0.669475
1 400 676 0.668525
1 400 677 0.670025
1 400 678 0.668925
1 400 679 0.6707
1 400 680 0.67335
1 400 681 0.668125
1 400 682 0.671725
1 400 683 0.672475
1 400 684 0.67085
1 400 685 0.67195
1 400 686 0.66905
1 400 687 0.670525
1 400 688 0.671425
1 400 689 0.671225
1 400 690 0.672725
1 400 691 0.66785
1 400 692 0.666875
1 400 693 0.671875
1 400 694 0.669925
1 400 695 0.67045
1 400 696 0.669775
1 400 697 0.672725
1 400 698 0.67255
1 400 699 0.6657
1 400 700 0.67245
1 400 701 0.667
1 400 702 0.669
1 400 703 0.66875
1 400 704 0.6706
1 400 705 0.672575
1 400 706 0.666225
1 400 707 0.670175
1 400 708 0.670375
1 400 709 0.6715
1 400 710 0.670325
1 400 711 0.665625
1 400 712 0.6699
1 400 713 0.6651
1 400 714 0.669225
1 400 715 0.671425
1 400 716 0.6697
1 400 717 0.670575
1 400 718 0.67325
1 400 719 0.668375
1 400 720 0.670375
1 400 721 0.669725
1 400 722 0.668675
1 400 723 0.669
1 400 724 0.670575
1 400 725 0.6721
1 400 726 0.673025
1 400 727 0.668425
1 400 728 0.6701
1 400 729 0.6714
1 400 730 0.670125
1 400 731 0.670575
1 400 732 0.6699
1 400 733 0.66975
1 400 734 0.66585
1 400 735 0.667375
1 400 736 0.670375
1 400 737 0.66835
1 400 738 0.665525
1 400 739 0.668275
1 400 740 0.668025
1 400 741 0.669725
1 400 742 0.66945
1 400 743 0.669175
1 400 744 0.6666
1 400 745 0.671775
1 400 746 0.67125
1 400 747 0.669
1 400 748 0.672475
1 400 749 0.667975
1 400 750 0.672375
1 400 751 0.6707
1 400 752 0.66945
1 400 753 0.6684
1 400 754 0.668525
1 400 755 0.669725
1 400 756 0.670575
1 400 757 0.666975
1 400 758 0.67025
1 400 759 0.671925
1 400 760 0.671975
1 400 761 0.6728
1 400 762 0.666675
1 400 763 0.67015
1 400 764 0.6701
1 400 765 0.669875
1 400 766 0.6704
1 400 767 0.669725
1 400 768 0.6689
1 400 769 0.668925
1 400 770 0.670325
1 400 771 0.66665
1 400 772 0.6702
1 400 773 0.670175
1 400 774 0.671525
1 400 775 0.667625
1 400 776 0.671
1 400 777 0.672275
1 400 778 0.671625
1 400 779 0.6702
1 400 780 0.66705
1 400 781 0.67075
1 400 782 0.67335
1 400 783 0.669825
1 400 784 0.667125
1 400 785 0.6706
1 400 786 0.672125
1 400 787 0.6709
1 400 788 0.668925
1 400 789 0.6679
1 400 790 0.671675
1 400 791 0.673475
1 400 792 0.67345
1 400 793 0.669275
1 400 794 0.670325
1 400 795 0.67095
1 400 796 0.6711
1 400 797 0.6698
1 400 798 0.670675
1 400 799 0.667675
1 400 800 0.670725
1 400 801 0.6701
1 400 802 0.671075
1 400 803 0.668175
1 400 804 0.6693
1 400 805 0.669225
1 400 806 0.668175
1 400 807 0.66945
1 400 808 0.672325
1 400 809 0.6704
1 400 810 0.668425
1 400 811 0.66785
1 400 812 0.667325
1 400 813 0.6683
1 400 814 0.668675
1 400 815 0.669725
1 400 816 0.66835
1 400 817 0.665975
1 400 818 0.6694
1 400 819 0.668125
1 400 820 0.66945
1 400 821 0.667325
1 400 822 0.673225
1 400 823 0.664275
1 400 824 0.6701
1 400 825 0.667425
1 400 826 0.665725
1 400 827 0.670325
1 400 828 0.668375
1 400 829 0.667925
1 400 830 0.6624
1 400 831 0.6644
1 400 832 0.6663
1 400 833 0.666125
1 400 834 0.66295
1 400 835 0.665825
1 400 836 0.665975
1 400 837 0.665225
1 400 838 0.66805
1 400 839 0.667175
1 400 840 0.664075
1 400 841 0.6645
1 400 842 0.663875
1 400 843 0.663225
1 400 844 0.665725
1 400 845 0.666275
1 400 846 0.666375
1 400 847 0.6635
1 400 848 0.662725
1 400 849 0.661125
1 400 850 0.667425
1 400 851 0.665075
1 400 852 0.6625
1 400 853 0.66425
1 400 854 0.658525
1 400 855 0.6641
1 400 856 0.665425
1 400 857 0.66225
1 400 858 0.66355
1 400 859 0.662425
1 400 860 0.66445
1 400 861 0.662975
1 400 862 0.6657
1 400 863 0.6633
1 400 864 0.662075
1 400 865 0.6651
1 400 866 0.66135
1 400 867 0.662475
1 400 868 0.6646
1 400 869 0.6627
1 400 870 0.66015
1 400 871 0.66135
1 400 872 0.663525
1 400 873 0.661075
1 400 874 0.66235
1 400 875 0.662375
1 400 876 0.6641
1 400 877 0.66135
1 400 878 0.6604
1 400 879 0.659025
1 400 880 0.6615
1 400 881 0.66045
1 400 882 0.66375
1 400 883 0.6605
1 400 884 0.661375
1 400 885 0.65855
1 400 886 0.6585
1 400 887 0.659775
1 400 888 0.660625
1 400 889 0.6577
1 400 890 0.657575
1 400 891 0.658975
1 400 892 0.658975
1 400 893 0.658025
1 400 894 0.658
1 400 895 0.65965
1 400 896 0.655725
1 400 897 0.657675
1 400 898 0.6566
1 400 899 0.6574
1 400 900 0.655375
1 400 901 0.6576
1 400 902 0.656675
1 400 903 0.65695
1 400 904 0.659175
1 400 905 0.655225
1 400 906 0.656325
1 400 907 0.66065
1 400 908 0.6563
1 400 909 0.65485
1 400 910 0.653875
1 400 911 0.654175
1 400 912 0.658625
1 400 913 0.656975
1 400 914 0.6572
1 400 915 0.657775
1 400 916 0.654975
1 400 917 0.655625
1 400 918 0.65395
1 400 919 0.6537
1 400 920 0.654075
1 400 921 0.653225
1 400 922 0.6536
1 400 923 0.65285
1 400 924 0.651475
1 400 925 0.6536
1 400 926 0.652175
1 400 927 0.65345
1 400 928 0.653125
1 400 929 0.652725
1 400 930 0.652675
1 400 931 0.6554
1 400 932 0.650575
1 400 933 0.651
1 400 934 0.65165
1 400 935 0.65105
1 400 936 0.654275
1 400 937 0.651325
1 400 938 0.655125
1 400 939 0.65155
1 400 940 0.6511
1 400 941 0.652775
1 400 942 0.65015
1 400 943 0.652275
1 400 944 0.647925
1 400 945 0.650125
1 400 946 0.65305
1 400 947 0.64735
1 400 948 0.6486
1 400 949 0.649225
1 400 950 0.6522
1 400 951 0.651025
1 400 952 0.650675
1 400 953 0.651525
1 400 954 0.651475
1 400 955 0.650925
1 400 956 0.6482
1 400 957 0.64705
1 400 958 0.6492
1 400 959 0.65145
1 400 960 0.64985
1 400 961 0.647
1 400 962 0.649725
1 400 963 0.648675
1 400 964 0.651975
1 400 965 0.648675
1 400 966 0.64845
1 400 967 0.646325
1 400 968 0.647025
1 400 969 0.64315
1 400 970 0.650275
1 400 971 0.644975
1 400 972 0.64315
1 400 973 0.650525
1 400 974 0.64385
1 400 975 0.646375
1 400 976 0.645325
1 400 977 0.644375
1 400 978 0.64755
1 400 979 0.647525
1 400 980 0.64475
1 400 981 0.644275
1 400 982 0.646375
1 400 983 0.646375
1 400 984 0.648675
1 400 985 0.645475
1 400 986 0.643275
1 400 987 0.64705
1 400 988 0.6429
1 400 989 0.647925
1 400 990 0.6452
1 400 991 0.645425
1 400 992 0.6487
1 400 993 0.649575
1 400 994 0.64345
1 400 995 0.641975
1 400 996 0.64535
1 400 997 0.647875
1 400 998 0.646275
1 400 999 0.64335
1 400 1000 0.644125
1 400 1001 0.6459
2 400 1 0.49475
2 400 2 0.529725
2 400 3 0.5525
2 400 4 0.5678
2 400 5 0.573575
2 400 6 0.5873
2 400 7 0.59445
2 400 8 0.589175
2 400 9 0.60145
2 400 10 0.6032
2 400 11 0.609975
2 400 12 0.6109
2 400 13 0.61785
2 400 14 0.617425
2 400 15 0.61725
2 400 16 0.619875
2 400 17 0.630975
2 400 18 0.62765
2 400 19 0.628225
2 400 20 0.628775
2 400 21 0.63195
2 400 22 0.630525
2 400 23 0.638
2 400 24 0.636125
2 400 25 0.63375
2 400 26 0.63575
2 400 27 0.641625
2 400 28 0.65015
2 400 29 0.643275
2 400 30 0.639675
2 400 31 0.6376
2 400 32 0.640325
2 400 33 0.64155
2 400 34 0.643225
2 400 35 0.649525
2 400 36 0.645475
2 400 37 0.64565
2 400 38 0.645725
2 400 39 0.642
2 400 40 0.64495
2 400 41 0.645925
2 400 42 0.64725
2 400 43 0.6474
2 400 44 0.6477
2 400 45 0.64745
2 400 46 0.649875
2 400 47 0.652425
2 400 48 0.650025
2 400 49 0.6448
2 400 50 0.64835
2 400 51 0.652225
2 400 52 0.651275
2 400 53 0.6567
2 400 54 0.659425
2 400 55 0.657325
2 400 56 0.66365
2 400 57 0.6583
2 400 58 0.659
2 400 59 0.6587
2 400 60 0.660075
2 400 61 0.661975
2 400 62 0.661775
2 400 63 0.659625
2 400 64 0.6629
2 400 65 0.659475
2 400 66 0.6648
2 400 67 0.6622
2 400 68 0.6576
2 400 69 0.658275
2 400 70 0.6536
2 400 71 0.6569
2 400 72 0.650925
2 400 73 0.650475
2 400 74 0.650575
2 400 75 0.650125
2 400 76 0.65125
2 400 77 0.6526
2 400 78 0.649575
2 400 79 0.650125
2 400 80 0.650625
2 400 81 0.6435
2 400 82 0.64625
2 400 83 0.6473
2 400 84 0.64535
2 400 85 0.648575
2 400 86 0.641975
2 400 87 0.6457
2 400 88 0.642525
2 400 89 0.6464
2 400 90 0.644375
2 400 91 0.644575
2 400 92 0.6432
2 400 93 0.64555
2 400 94 0.64705
2 400 95 0.65085
2 400 96 0.6494
2 400 97 0.650325
2 400 98 0.652225
2 400 99 0.653
2 400 100 0.6558
2 400 101 0.659525
2 400 102 0.6594
2 400 103 0.650225
2 400 104 0.65645
2 400 105 0.65465
2 400 106 0.658825
2 400 107 0.656525
2 400 108 0.656
2 400 109 0.6563
2 400 110 0.65865
2 400 111 0.6554
2 400 112 0.66295
2 400 113 0.6615
2 400 114 0.659025
2 400 115 0.6601
2 400 116 0.6587
2 400 117 0.6616
2 400 118 0.660475
2 400 119 0.659375
2 400 120 0.663725
2 400 121 0.662275
2 400 122 0.6635
2 400 123 0.66455
2 400 124 0.667875
2 400 125 0.665225
2 400 126 0.668925
2 400 127 0.663775
2 400 128 0.664525
2 400 129 0.6651
2 400 130 0.667325
2 400 131 0.6725
2 400 132 0.670075
2 400 133 0.67215
2 400 134 0.6689
2 400 135 0.66955
2 400 136 0.670475
2 400 137 0.671475
2 400 138 0.667375
2 400 139 0.66895
2 400 140 0.66885
2 400 141 0.669925
2 400 142 0.6757
2 400 143 0.675175
2 400 144 0.6753
2 400 145 0.674875
2 400 146 0.674925
2 400 147 0.6752
2 400 148 0.674425
2 400 149 0.678725
2 400 150 0.677025
2 400 151 0.675225
2 400 152 0.6748
2 400 153 0.67825
2 400 154 0.6803
2 400 155 0.679025
2 400 156 0.6806
2 400 157 0.6782
2 400 158 0.678325
2 400 159 0.67655
2 400 160 0.680625
2 400 161 0.679175
2 400 162 0.6754
2 400 163 0.673225
2 400 164 0.679525
2 400 165 0.680025
2 400 166 0.6757
2 400 167 0.67925
2 400 168 0.676425
2 400 169 0.6769
2 400 170 0.674875
2 400 171 0.6769
2 400 172 0.6736
2 400 173 0.6716
2 400 174 0.671825
2 400 175 0.673675
2 400 176 0.675275
2 400 177 0.673225
2 400 178 0.67125
2 400 179 0.66985
2 400 180 0.6674
2 400 181 0.6682
2 400 182 0.6683
2 400 183 0.6717
2 400 184 0.666875
2 400 185 0.664675
2 400 186 0.668775
2 400 187 0.668225
2 400 188 0.663875
2 400 189 0.666475
2 400 190 0.662275
2 400 191 0.6595
2 400 192 0.66425
2 400 193 0.6632
2 400 194 0.661825
2 400 195 0.662075
2 400 196 0.662925
2 400 197 0.660075
2 400 198 0.662225
2 400 199 0.65965
2 400 200 0.6606
2 400 201 0.66215
2 400 202 0.661275
2 400 203 0.660275
2 400 204 0.65765
2 400 205 0.663625
2 400 206 0.65985
2 400 207 0.661475
2 400 208 0.661625
2 400 209 0.66075
2 400 210 0.6609
2 400 211 0.664775
2 400 212 0.664925
2 400 213 0.6593
2 400 214 0.66225
2 400 215 0.663475
2 400 216 0.66575
2 400 217 0.66485
2 400 218 0.66365
2 400 219 0.66585
2 400 220 0.663225
2 400 221 0.6629
2 400 222 0.663375
2 400 223 0.661575
2 400 224 0.6644
2 400 225 0.666925
2 400 226 0.666
2 400 227 0.662225
2 400 228 0.66645
2 400 229 0.6651
2 400 230 0.66255
2 400 231 0.6643
2 400 232 0.664
2 400 233 0.6674
2 400 234 0.6654
2 400 235 0.66375
2 400 236 0.666575
2 400 237 0.66355
2 400 238 0.663225
2 400 239 0.6671
2 400 240 0.661625
2 400 241 0.663
2 400 242 0.668975
2 400 243 0.6676
2 400 244 0.66775
2 400 245 0.6645
2 400 246 0.665025
2 400 247 0.6693
2 400 248 0.6659
2 400 249 0.66365
2 400 250 0.670425
2 400 251 0.66675
2 400 252 0.669025
2 400 253 0.6652
2 400 254 0.668475
2 400 255 0.66985
2 400 256 0.66755
2 400 257 0.6661
2 400 258 0.667275
2 400 259 0.667
2 400 260 0.667625
2 400 261 0.67205
2 400 262 0.6659
2 400 263 0.669225
2 400 264 0.6695
2 400 265 0.667475
2 400 266 0.665425
2 400 267 0.6675
2 400 268 0.67
2 400 269 0.6666
2 400 270 0.667275
2 400 271 0.669925
2 400 272 0.6663
2 400 273 0.666425
2 400 274 0.66465
2 400 275 0.6655
2 400 276 0.667525
2 400 277 0.6662
2 400 278 0.6685
2 400 279 0.66555
2 400 280 0.668075
2 400 281 0.66695
2 400 282 0.667475
2 400 283 0.6671
2 400 284 0.667775
2 400 285 0.669075
2 400 286 0.66485
2 400 287 0.665025
2 400 288 0.6642
2 400 289 0.66265
2 400 290 0.6635
2 400 291 0.665975
2 400 292 0.66815
2 400 293 0.6616
2 400 294 0.663925
2 400 295 0.665475
2 400 296 0.664425
2 400 297 0.661475
2 400 298 0.664375
2 400 299 0.665125
2 400 300 0.66145
2 400 301 0.66255
2 400 302 0.661975
2 400 303 0.663575
2 400 304 0.660175
2 400 305 0.660225
2 400 306 0.660975
2 400 307 0.65835
2 400 308 0.66115
2 400 309 0.661225
2 400 310 0.659225
2 400 311 0.6568
2 400 312 0.65675
2 400 313 0.657775
2 400 314 0.6572
2 400 315 0.66045
2 400 316 0.657775
2 400 317 0.6568
2 400 318 0.653875
2 400 319 0.654625
2 400 320 0.6565
2 400 321 0.653525
2 400 322 0.6565
2 400 323 0.652675
2 400 324 0.655975
2 400 325 0.655525
2 400 326 0.652475
2 400 327 0.65215
2 400 328 0.65435
2 400 329 0.6499
2 400 330 0.65135
2 400 331 0.6526
2 400 332 0.653775
2 400 333 0.65345
2 400 334 0.6531
2 400 335 0.65145
2 400 336 0.653975
2 400 337 0.653775
2 400 338 0.65435
2 400 339 0.6558
2 400 340 0.65585
2 400 341 0.6562
2 400 342 0.657275
2 400 343 0.65625
2 400 344 0.6569
2 400 345 0.6564
2 400 346 0.6602
2 400 347 0.654725
2 400 348 0.658275
2 400 349 0.656075
2 400 350 0.657625
2 400 351 0.655025
2 400 352 0.65725
2 400 353 0.6568
2 400 354 0.658825
2 400 355 0.658
2 400 356 0.659675
2 400 357 0.6631
2 400 358 0.6589
2 400 359 0.658625
2 400 360 0.657325
2 400 361 0.65955
2 400 362 0.6592
2 400 363 0.66015
2 400 364 0.660375
2 400 365 0.6605
2 400 366 0.6599
2 400 367 0.659725
2 400 368 0.662575
2 400 369 0.66535
2 400 370 0.66125
2 400 371 0.6629
2 400 372 0.6615
2 400 373 0.662425
2 400 374 0.660875
2 400 375 0.662325
2 400 376 0.6636
2 400 377 0.666975
2 400 378 0.66425
2 400 379 0.66465
2 400 380 0.667875
2 400 381 0.6612
2 400 382 0.66355
2 400 383 0.66465
2 400 384 0.6681
2 400 385 0.665825
2 400 386 0.665375
2 400 387 0.66255
2 400 388 0.6695
2 400 389 0.6671
2 400 390 0.666825
2 400 391 0.667225
2 400 392 0.668225
2 400 393 0.6684
2 400 394 0.670375
2 400 395 0.6661
2 400 396 0.671625
2 400 397 0.667975
2 400 398 0.6715
2 400 399 0.671625
2 400 400 0.67015
2 400 401 0.66795
2 400 402 0.667625
2 400 403 0.673775
2 400 404 0.6723
2 400 405 0.670225
2 400 406 0.669225
2 400 407 0.672125
2 400 408 0.67235
2 400 409 0.669525
2 400 410 0.67145
2 400 411 0.670775
2 400 412 0.670175
2 400 413 0.666975
2 400 414 0.6693
2 400 415 0.669625
2 400 416 0.67
2 400 417 0.6699
2 400 418 0.6736
2 400 419 0.670375
2 400 420 0.66875
2 400 421 0.672
2 400 422 0.666525
2 400 423 0.672175
2 400 424 0.670675
2 400 425 0.675075
2 400 426 0.671575
2 400 427 0.67585
2 400 428 0.671575
2 400 429 0.670725
2 400 430 0.671725
2 400 431 0.6702
2 400 432 0.6729
2 400 433 0.6703
2 400 434 0.675225
2 400 435 0.67065
2 400 436 0.672825
2 400 437 0.674825
2 400 438 0.67425
2 400 439 0.6771
2 400 440 0.674825
2 400 441 0.674375
2 400 442 0.67595
2 400 443 0.67435
2 400 444 0.6755
2 400 445 0.673875
2 400 446 0.6766
2 400 447 0.67745
2 400 448 0.673875
2 400 449 0.677725
2 400 450 0.672975
2 400 451 0.675575
2 400 452 0.67535
2 400 453 0.676975
2 400 454 0.677975
2 400 455 0.6734
2 400 456 0.678975
2 400 457 0.6777
2 400 458 0.677075
2 400 459 0.6795
2 400 460 0.67835
2 400 461 0.68055
2 400 462 0.677425
2 400 463 0.679825
2 400 464 0.6786
2 400 465 0.67785
2 400 466 0.6755
2 400 467 0.680325
2 400 468 0.6777
2 400 469 0.677475
2 400 470 0.68235
2 400 471 0.67595
2 400 472 0.678225
2 400 473 0.67755
2 400 474 0.6821
2 400 475 0.677175
2 400 476 0.678375
2 400 477 0.679875
2 400 478 0.6799
2 400 479 0.680825
2 400 480 0.679375
2 400 481 0.680625
2 400 482 0.679775
2 400 483 0.678775
2 400 484 0.6786
2 400 485 0.683825
2 400 486 0.68075
2 400 487 0.6814
2 400 488 0.680975
2 400 489 0.681425
2 400 490 0.685175
2 400 491 0.68175
2 400 492 0.686475
2 400 493 0.682375
2 400 494 0.68375
2 400 495 0.68505
2 400 496 0.68155
2 400 497 0.6821
2 400 498 0.68655
2 400 499 0.6867
2 400 500 0.685675
2 400 501 0.687475
2 400 502 0.689175
2 400 503 0.6876
2 400 504 0.682975
2 400 505 0.688075
2 400 506 0.6855
2 400 507 0.687325
2 400 508 0.6857
2 400 509 0.6852
2 400 510 0.685325
2 400 511 0.6836
2 400 512 0.687875
2 400 513 0.68465
2 400 514 0.686275
2 400 515 0.6813
2 400 516 0.687525
2 400 517 0.684425
2 400 518 0.68255
2 400 519 0.685325
2 400 520 0.6804
2 400 521 0.67865
2 400 522 0.68025
2 400 523 0.682375
2 400 524 0.6798
2 400 525 0.6786
2 400 526 0.683
2 400 527 0.6863
2 400 528 0.681725
2 400 529 0.683425
2 400 530 0.682275
2 400 531 0.682
2 400 532 0.6824
2 400 533 0.679175
2 400 534 0.678275
2 400 535 0.681725
2 400 536 0.679275
2 400 537 0.6812
2 400 538 0.681625
2 400 539 0.678625
2 400 540 0.679025
2 400 541 0.681925
2 400 542 0.680575
2 400 543 0.682925
2 400 544 0.680925
2 400 545 0.68105
2 400 546 0.68145
2 400 547 0.67915
2 400 548 0.67645
2 400 549 0.683325
2 400 550 0.6772
2 400 551 0.68025
2 400 552 0.67865
2 400 553 0.68345
2 400 554 0.681625
2 400 555 0.67935
2 400 556 0.67965
2 400 557 0.678325
2 400 558 0.676475
2 400 559 0.680275
2 400 560 0.676625
2 400 561 0.6792
2 400 562 0.6752
2 400 563 0.677575
2 400 564 0.6768
2 400 565 0.676125
2 400 566 0.67725
2 400 567 0.6773
2 400 568 0.678175
2 400 569 0.678325
2 400 570 0.675625
2 400 571 0.676775
2 400 572 0.67475
2 400 573 0.6742
2 400 574 0.674025
2 400 575 0.6744
2 400 576 0.672325
2 400 577 0.67505
2 400 578 0.674175
2 400 579 0.6761
2 400 580 0.678825
2 400 581 0.671875
2 400 582 0.671925
2 400 583 0.67625
2 400 584 0.67535
2 400 585 0.670075
2 400 586 0.6744
2 400 587 0.675975
2 400 588 0.67305
2 400 589 0.672325
2 400 590 0.6772
2 400 591 0.6725
2 400 592 0.6732
2 400 593 0.675125
2 400 594 0.67305
2 400 595 0.673975
2 400 596 0.674625
2 400 597 0.674225
2 400 598 0.672075
2 400 599 0.673275
2 400 600 0.674625
2 400 601 0.673025
2 400 602 0.670875
2 400 603 0.67185
2 400 604 0.672825
2 400 605 0.67375
2 400 606 0.672575
2 400 607 0.676625
2 400 608 0.6782
2 400 609 0.671575
2 400 610 0.672875
2 400 611 0.67355
2 400 612 0.670525
2 400 613 0.673275
2 400 614 0.671125
2 400 615 0.673675
2 400 616 0.673125
2 400 617 0.67375
2 400 618 0.673525
2 400 619 0.6709
2 400 620 0.67225
2 400 621 0.672625
2 400 622 0.673075
2 400 623 0.672425
2 400 624 0.672125
2 400 625 0.675575
2 400 626 0.668125
2 400 627 0.6727
2 400 628 0.671925
2 400 629 0.670775
2 400 630 0.67
2 400 631 0.672325
2 400 632 0.67435
2 400 633 0.670975
2 400 634 0.67135
2 400 635 0.672725
2 400 636 0.67155
2 400 637 0.671675
2 400 638 0.6714
2 400 639 0.67175
2 400 640 0.671675
2 400 641 0.67165
2 400 642 0.66805
2 400 643 0.6705
2 400 644 0.67235
2 400 645 0.6733
2 400 646 0.668175
2 400 647 0.671025
2 400 648 0.6723
2 400 649 0.671125
2 400 650 0.673775
2 400 651 0.672175
2 400 652 0.6714
2 400 653 0.67165
2 400 654 0.6726
2 400 655 0.6706
2 400 656 0.6688
2 400 657 0.66815
2 400 658 0.672525
2 400 659 0.67015
2 400 660 0.671325
2 400 661 0.668975
2 400 662 0.67085
2 400 663 0.669825
2 400 664 0.6703
2 400 665 0.66985
2 400 666 0.67395
2 400 667 0.672625
2 400 668 0.673625
2 400 669 0.66755
2 400 670 0.670775
2 400 671 0.6672
2 400 672 0.668725
2 400 673 0.6709
2 400 674 0.66995
2 400 675 0.6709
2 400 676 0.672125
2 400 677 0.6726
2 400 678 0.671975
2 400 679 0.66925
2 400 680 0.668
2 400 681 0.670425
2 400 682 0.670625
2 400 683 0.67165
2 400 684 0.668875
2 400 685 0.669175
2 400 686 0.6721
2 400 687 0.672575
2 400 688 0.668275
2 400 689 0.6677
2 400 690 0.67305
2 400 691 0.669425
2 400 692 0.67255
2 400 693 0.6725
2 400 694 0.667175
2 400 695 0.6698
2 400 696 0.67135
2 400 697 0.67005
2 400 698 0.6714
2 400 699 0.66945
2 400 700 0.67085
2 400 701 0.67135
2 400 702 0.667975
2 400 703 0.67425
2 400 704 0.671175
2 400 705 0.670075
2 400 706 0.6697
2 400 707 0.6684
2 400 708 0.670175
2 400 709 0.670525
2 400 710 0.673525
2 400 711 0.66855
2 400 712 0.6689
2 400 713 0.667625
2 400 714 0.670425
2 400 715 0.66925
2 400 716 0.6725
2 400 717 0.670375
2 400 718 0.6692
2 400 719 0.667625
2 400 720 0.67
2 400 721 0.668575
2 400 722 0.669525
2 400 723 0.67
2 400 724 0.668475
2 400 725 0.667975
2 400 726 0.6696
2 400 727 0.66895
2 400 728 0.669025
2 400 729 0.668175
2 400 730 0.66815
2 400 731 0.670325
2 400 732 0.67105
2 400 733 0.672425
2 400 734 0.66745
2 400 735 0.6703
2 400 736 0.67055
2 400 737 0.6699
2 400 738 0.667125
2 400 739 0.67035
2 400 740 0.67035
2 400 741 0.669275
2 400 742 0.66925
2 400 743 0.669675
2 400 744 0.67005
2 400 745 0.670225
2 400 746 0.672475
2 400 747 0.666125
2 400 748 0.667725
2 400 749 0.669175
2 400 750 0.67425
2 400 751 0.66915
2 400 752 0.67145
2 400 753 0.66885
2 400 754 0.670525
2 400 755 0.672075
2 400 756 0.667875
2 400 757 0.66735
2 400 758 0.6688
2 400 759 0.671975
2 400 760 0.67145
2 400 761 0.67255
2 400 762 0.6702
2 400 763 0.669775
2 400 764 0.6695
2 400 765 0.67165
2 400 766 0.6701
2 400 767 0.67195
2 400 768 0.667325
2 400 769 0.671725
2 400 770 0.666825
2 400 771 0.671825
2 400 772 0.673275
2 400 773 0.675325
2 400 774 0.67065
2 400 775 0.6685
2 400 776 0.66645
2 400 777 0.668975
2 400 778 0.672325
2 400 779 0.6697
2 400 780 0.6703
2 400 781 0.669925
2 400 782 0.67005
2 400 783 0.672125
2 400 784 0.66995
2 400 785 0.6719
2 400 786 0.665825
2 400 787 0.67235
2 400 788 0.66735
2 400 789 0.669875
2 400 790 0.6702
2 400 791 0.67175
2 400 792 0.66835
2 400 793 0.668225
2 400 794 0.67485
2 400 795 0.67155
2 400 796 0.66755
2 400 797 0.66975
2 400 798 0.67285
2 400 799 0.673625
2 400 800 0.6724
2 400 801 0.672725
2 400 802 0.668425
2 400 803 0.673375
2 400 804 0.66975
2 400 805 0.67025
2 400 806 0.6698
2 400 807 0.67035
2 400 808 0.6688
2 400 809 0.667025
2 400 810 0.66985
2 400 811 0.668225
2 400 812 0.66825
2 400 813 0.667775
2 400 814 0.672675
2 400 815 0.66665
2 400 816 0.6668
2 400 817 0.669625
2 400 818 0.670375
2 400 819 0.6685
2 400 820 0.66805
2 400 821 0.667225
2 400 822 0.669475
2 400 823 0.6689
2 400 824 0.665825
2 400 825 0.666975
2 400 826 0.671075
2 400 827 0.66665
2 400 828 0.665475
2 400 829 0.66705
2 400 830 0.664625
2 400 831 0.671875
2 400 832 0.666725
2 400 833 0.664125
2 400 834 0.6689
2 400 835 0.6614
2 400 836 0.665375
2 400 837 0.66615
2 400 838 0.667025
2 400 839 0.66515
2 400 840 0.663625
2 400 841 0.661425
2 400 842 0.663625
2 400 843 0.664975
2 400 844 0.66725
2 400 845 0.6645
2 400 846 0.66235
2 400 847 0.66595
2 400 848 0.665725
2 400 849 0.66555
2 400 850 0.667825
2 400 851 0.66315
2 400 852 0.663275
2 400 853 0.6599
2 400 854 0.66145
2 400 855 0.666425
2 400 856 0.66225
2 400 857 0.6641
2 400 858 0.664275
2 400 859 0.662075
2 400 860 0.6633
2 400 861 0.66205
2 400 862 0.6614
2 400 863 0.6663
2 400 864 0.660425
2 400 865 0.663275
2 400 866 0.660425
2 400 867 0.6612
2 400 868 0.6645
2 400 869 0.66315
2 400 870 0.6639
2 400 871 0.665425
2 400 872 0.65745
2 400 873 0.66175
2 400 874 0.660775
2 400 875 0.659075
2 400 876 0.6589
2 400 877 0.658425
2 400 878 0.661175
2 400 879 0.659125
2 400 880 0.659025
2 400 881 0.66025
2 400 882 0.6557
2 400 883 0.66
2 400 884 0.6564
2 400 885 0.659
2 400 886 0.65635
2 400 887 0.656675
2 400 888 0.6574
2 400 889 0.657675
2 400 890 0.6591
2 400 891 0.655825
2 400 892 0.65965
2 400 893 0.657625
2 400 894 0.659375
2 400 895 0.657425
2 400 896 0.65645
2 400 897 0.65745
2 400 898 0.6576
2 400 899 0.656625
2 400 900 0.65735
2 400 901 0.658975
2 400 902 0.6561
2 400 903 0.6537
2 400 904 0.658625
2 400 905 0.656575
2 400 906 0.6533
2 400 907 0.655425
2 400 908 0.658
2 400 909 0.65835
2 400 910 0.6568
2 400 911 0.658725
2 400 912 0.6578
2 400 913 0.656475
2 400 914 0.6557
2 400 915 0.6535
2 400 916 0.654125
2 400 917 0.65575
2 400 918 0.656525
2 400 919 0.6544
2 400 920 0.655025
2 400 921 0.655725
2 400 922 0.651425
2 400 923 0.65655
2 400 924 0.65145
2 400 925 0.653675
2 400 926 0.652575
2 400 927 0.6517
2 400 928 0.65425
2 400 929 0.652475
2 400 930 0.651275
2 400 931 0.651675
2 400 932 0.65095
2 400 933 0.65165
2 400 934 0.650375
2 400 935 0.65025
2 400 936 0.6535
2 400 937 0.649275
2 400 938 0.650875
2 400 939 0.6507
2 400 940 0.649675
2 400 941 0.65185
2 400 942 0.6501
2 400 943 0.649475
2 400 944 0.64715
2 400 945 0.6525
2 400 946 0.651875
2 400 947 0.647275
2 400 948 0.64865
2 400 949 0.646875
2 400 950 0.6522
2 400 951 0.653525
2 400 952 0.65015
2 400 953 0.65245
2 400 954 0.651875
2 400 955 0.6519
2 400 956 0.6498
2 400 957 0.6467
2 400 958 0.652725
2 400 959 0.646675
2 400 960 0.65205
2 400 961 0.6503
2 400 962 0.645225
2 400 963 0.6503
2 400 964 0.64875
2 400 965 0.6471
2 400 966 0.645475
2 400 967 0.644025
2 400 968 0.64715
2 400 969 0.64545
2 400 970 0.64495
2 400 971 0.6458
2 400 972 0.645025
2 400 973 0.648425
2 400 974 0.64895
2 400 975 0.6429
2 400 976 0.64775
2 400 977 0.644525
2 400 978 0.645775
2 400 979 0.6471
2 400 980 0.645025
2 400 981 0.644625
2 400 982 0.64895
2 400 983 0.645125
2 400 984 0.64415
2 400 985 0.6405
2 400 986 0.646825
2 400 987 0.64505
2 400 988 0.639275
2 400 989 0.641875
2 400 990 0.64565
2 400 991 0.648825
2 400 992 0.644675
2 400 993 0.646975
2 400 994 0.644375
2 400 995 0.646525
2 400 996 0.64345
2 400 997 0.644
2 400 998 0.64235
2 400 999 0.64695
2 400 1000 0.6497
2 400 1001 0.6436
