1 500 1 0.504641
1 500 2 0.532525
1 500 3 0.55535
1 500 4 0.56685
1 500 5 0.57705
1 500 6 0.58575
1 500 7 0.59495
1 500 8 0.601475
1 500 9 0.60515
1 500 10 0.614425
1 500 11 0.612725
1 500 12 0.6183
1 500 13 0.622725
1 500 14 0.6275
1 500 15 0.6291
1 500 16 0.62965
1 500 17 0.638275
1 500 18 0.63645
1 500 19 0.6406
1 500 20 0.642375
1 500 21 0.64185
1 500 22 0.6418
1 500 23 0.645875
1 500 24 0.64995
1 500 25 0.650375
1 500 26 0.647125
1 500 27 0.649725
1 500 28 0.649075
1 500 29 0.65065
1 500 30 0.647175
1 500 31 0.648475
1 500 32 0.64585
1 500 33 0.65575
1 500 34 0.656525
1 500 35 0.6591
1 500 36 0.6628
1 500 37 0.659325
1 500 38 0.652325
1 500 39 0.657725
1 500 40 0.660625
1 500 41 0.6578
1 500 42 0.664025
1 500 43 0.6614
1 500 44 0.658925
1 500 45 0.65915
1 500 46 0.6627
1 500 47 0.66515
1 500 48 0.664175
1 500 49 0.66665
1 500 50 0.665275
1 500 51 0.6646
1 500 52 0.67035
1 500 53 0.665925
1 500 54 0.667075
1 500 55 0.6652
1 500 56 0.668325
1 500 57 0.6687
1 500 58 0.668925
1 500 59 0.667225
1 500 60 0.67095
1 500 61 0.667575
1 500 62 0.668225
1 500 63 0.6702
1 500 64 0.667375
1 500 65 0.6653
1 500 66 0.669325
1 500 67 0.66335
1 500 68 0.667125
1 500 69 0.6665
1 500 70 0.66465
1 500 71 0.66585
1 500 72 0.6651
1 500 73 0.66265
1 500 74 0.667825
1 500 75 0.6584
1 500 76 0.666225
1 500 77 0.661075
1 500 78 0.66525
1 500 79 0.665425
1 500 80 0.66155
1 500 81 0.663175
1 500 82 0.66115
1 500 83 0.6632
1 500 84 0.6595
1 500 85 0.66205
1 500 86 0.65955
1 500 87 0.65705
1 500 88 0.655975
1 500 89 0.655325
1 500 90 0.6571
1 500 91 0.653675
1 500 92 0.660225
1 500 93 0.657875
1 500 94 0.6542
1 500 95 0.659875
1 500 96 0.660975
1 500 97 0.663025
1 500 98 0.665475
1 500 99 0.6631
1 500 100 0.667475
1 500 101 0.6671
1 500 102 0.666625
1 500 103 0.6726
1 500 104 0.666725
1 500 105 0.6736
1 500 106 0.668375
1 500 107 0.66685
1 500 108 0.670475
1 500 109 0.6694
1 500 110 0.667825
1 500 111 0.66785
1 500 112 0.667475
1 500 113 0.66985
1 500 114 0.6703
1 500 115 0.668625
1 500 116 0.67055
1 500 117 0.674025
1 500 118 0.6722
1 500 119 0.669925
1 500 120 0.667225
1 500 121 0.668025
1 500 122 0.668175
1 500 123 0.66565
1 500 124 0.669875
1 500 125 0.674225
1 500 126 0.673375
1 500 127 0.66955
1 500 128 0.674025
1 500 129 0.6751
1 500 130 0.67515
1 500 131 0.673175
1 500 132 0.67585
1 500 133 0.674875
1 500 134 0.673
1 500 135 0.67525
1 500 136 0.6775
1 500 137 0.6754
1 500 138 0.673575
1 500 139 0.67985
1 500 140 0.6754
1 500 141 0.676
1 500 142 0.678725
1 500 143 0.68125
1 500 144 0.677875
1 500 145 0.6809
1 500 146 0.676175
1 500 147 0.67675
1 500 148 0.67935
1 500 149 0.675675
1 500 150 0.679825
1 500 151 0.682525
1 500 152 0.680875
1 500 153 0.68145
1 500 154 0.683075
1 500 155 0.681825
1 500 156 0.679725
1 500 157 0.6813
1 500 158 0.681675
1 500 159 0.681975
1 500 160 0.68085
1 500 161 0.680725
1 500 162 0.68125
1 500 163 0.67975
1 500 164 0.681875
1 500 165 0.679825
1 500 166 0.6806
1 500 167 0.682775
1 500 168 0.68355
1 500 169 0.6813
1 500 170 0.681275
1 500 171 0.6785
1 500 172 0.682475
1 500 173 0.678225
1 500 174 0.679275
1 500 175 0.6824
1 500 176 0.6781
1 500 177 0.67635
1 500 178 0.6776
1 500 179 0.6823
1 500 180 0.6799
1 500 181 0.680725
1 500 182 0.6797
1 500 183 0.68055
1 500 184 0.677575
1 500 185 0.680775
1 500 186 0.678325
1 500 187 0.679025
1 500 188 0.6767
1 500 189 0.674275
1 500 190 0.676825
1 500 191 0.6781
1 500 192 0.674475
1 500 193 0.67515
1 500 194 0.6748
1 500 195 0.675875
1 500 196 0.670625
1 500 197 0.67465
1 500 198 0.673725
1 500 199 0.67365
1 500 200 0.674975
1 500 201 0.6733
1 500 202 0.677925
1 500 203 0.67365
1 500 204 0.6712
1 500 205 0.6758
1 500 206 0.675275
1 500 207 0.675425
1 500 208 0.6752
1 500 209 0.671375
1 500 210 0.6733
1 500 211 0.671875
1 500 212 0.67195
1 500 213 0.6738
1 500 214 0.6711
1 500 215 0.677475
1 500 216 0.674875
1 500 217 0.680825
1 500 218 0.674925
1 500 219 0.67495
1 500 220 0.67665
1 500 221 0.677675
1 500 222 0.6764
1 500 223 0.674475
1 500 224 0.67865
1 500 225 0.67465
1 500 226 0.679325
1 500 227 0.677875
1 500 228 0.67635
1 500 229 0.6757
1 500 230 0.68065
1 500 231 0.674625
1 500 232 0.67835
1 500 233 0.677975
1 500 234 0.681275
1 500 235 0.6804
1 500 236 0.6781
1 500 237 0.67975
1 500 238 0.677325
1 500 239 0.6766
1 500 240 0.680325
1 500 241 0.679
1 500 242 0.678475
1 500 243 0.678025
1 500 244 0.6803
1 500 245 0.680675
1 500 246 0.679325
1 500 247 0.6806
1 500 248 0.679675
1 500 249 0.67885
1 500 250 0.6783
1 500 251 0.680975
1 500 252 0.681675
1 500 253 0.67795
1 500 254 0.68265
1 500 255 0.6813
1 500 256 0.680275
1 500 257 0.67755
1 500 258 0.67955
1 500 259 0.676825
1 500 260 0.676925
1 500 261 0.678775
1 500 262 0.6803
1 500 263 0.67735
1 500 264 0.679325
1 500 265 0.675825
1 500 266 0.6778
1 500 267 0.67965
1 500 268 0.677725
1 500 269 0.678675
1 500 270 0.67715
1 500 271 0.67695
1 500 272 0.674975
1 500 273 0.6746
1 500 274 0.673875
1 500 275 0.675925
1 500 276 0.671775
1 500 277 0.672625
1 500 278 0.674025
1 500 279 0.672175
1 500 280 0.6716
1 500 281 0.67485
1 500 282 0.673025
1 500 283 0.6718
1 500 284 0.6723
1 500 285 0.675375
1 500 286 0.66965
1 500 287 0.669975
1 500 288 0.676125
1 500 289 0.670625
1 500 290 0.670875
1 500 291 0.67275
1 500 292 0.670075
1 500 293 0.672325
1 500 294 0.671825
1 500 295 0.669375
1 500 296 0.66845
1 500 297 0.6656
1 500 298 0.669475
1 500 299 0.670075
1 500 300 0.669825
1 500 301 0.671175
1 500 302 0.66575
1 500 303 0.666275
1 500 304 0.665675
1 500 305 0.6673
1 500 306 0.665125
1 500 307 0.6668
1 500 308 0.663975
1 500 309 0.66755
1 500 310 0.663925
1 500 311 0.666325
1 500 312 0.66385
1 500 313 0.665775
1 500 314 0.66345
1 500 315 0.660125
1 500 316 0.66245
1 500 317 0.662025
1 500 318 0.666275
1 500 319 0.65725
1 500 320 0.66625
1 500 321 0.659925
1 500 322 0.662175
1 500 323 0.662425
1 500 324 0.662875
1 500 325 0.6609
1 500 326 0.658325
1 500 327 0.657575
1 500 328 0.658325
1 500 329 0.66145
1 500 330 0.65925
1 500 331 0.6557
1 500 332 0.6588
1 500 333 0.65845
1 500 334 0.653175
1 500 335 0.66295
1 500 336 0.661775
1 500 337 0.661075
1 500 338 0.65835
1 500 339 0.66115
1 500 340 0.663475
1 500 341 0.660125
1 500 342 0.661575
1 500 343 0.659625
1 500 344 0.661975
1 500 345 0.6596
1 500 346 0.661625
1 500 347 0.663525
1 500 348 0.662625
1 500 349 0.664125
1 500 350 0.660175
1 500 351 0.6595
1 500 352 0.66405
1 500 353 0.667025
1 500 354 0.669
1 500 355 0.666025
1 500 356 0.66215
1 500 357 0.667625
1 500 358 0.660275
1 500 359 0.664275
1 500 360 0.664375
1 500 361 0.6655
1 500 362 0.666725
1 500 363 0.666525
1 500 364 0.66505
1 500 365 0.664375
1 500 366 0.670725
1 500 367 0.664775
1 500 368 0.665025
1 500 369 0.667875
1 500 370 0.66575
1 500 371 0.666925
1 500 372 0.666225
1 500 373 0.6655
1 500 374 0.667225
1 500 375 0.66755
1 500 376 0.668575
1 500 377 0.669525
1 500 378 0.666875
1 500 379 0.66715
1 500 380 0.66945
1 500 381 0.667275
1 500 382 0.6713
1 500 383 0.66985
1 500 384 0.6712
1 500 385 0.66925
1 500 386 0.6705
1 500 387 0.66985
1 500 388 0.672175
1 500 389 0.669475
1 500 390 0.667375
1 500 391 0.670125
1 500 392 0.6734
1 500 393 0.668975
1 500 394 0.672675
1 500 395 0.67085
1 500 396 0.671425
1 500 397 0.673625
1 500 398 0.6717
1 500 399 0.67475
1 500 400 0.672975
1 500 401 0.674725
1 500 402 0.6754
1 500 403 0.6725
1 500 404 0.673925
1 500 405 0.675025
1 500 406 0.6771
1 500 407 0.67515
1 500 408 0.673775
1 500 409 0.677725
1 500 410 0.6798
1 500 411 0.677625
1 500 412 0.6723
1 500 413 0.676675
1 500 414 0.6767
1 500 415 0.67765
1 500 416 0.674725
1 500 417 0.6791
1 500 418 0.679425
1 500 419 0.68205
1 500 420 0.678675
1 500 421 0.67975
1 500 422 0.680725
1 500 423 0.67465
1 500 424 0.679575
1 500 425 0.67855
1 500 426 0.68385
1 500 427 0.6794
1 500 428 0.678825
1 500 429 0.6814
1 500 430 0.680475
1 500 431 0.680725
1 500 432 0.684225
1 500 433 0.680975
1 500 434 0.68195
1 500 435 0.68425
1 500 436 0.68355
1 500 437 0.687575
1 500 438 0.6789
1 500 439 0.683125
1 500 440 0.6804
1 500 441 0.6845
1 500 442 0.6861
1 500 443 0.686125
1 500 444 0.688575
1 500 445 0.6863
1 500 446 0.68275
1 500 447 0.68435
1 500 448 0.688025
1 500 449 0.688825
1 500 450 0.688775
1 500 451 0.68465
1 500 452 0.6889
1 500 453 0.683425
1 500 454 0.68945
1 500 455 0.691675
1 500 456 0.691125
1 500 457 0.691075
1 500 458 0.689875
1 500 459 0.690475
1 500 460 0.690525
1 500 461 0.6888
1 500 462 0.691075
1 500 463 0.69355
1 500 464 0.691525
1 500 465 0.690275
1 500 466 0.693225
1 500 467 0.696175
1 500 468 0.6913
1 500 469 0.6935
1 500 470 0.693175
1 500 471 0.6922
1 500 472 0.694225
1 500 473 0.695825
1 500 474 0.691275
1 500 475 0.693375
1 500 476 0.694825
1 500 477 0.694875
1 500 478 0.694975
1 500 479 0.69855
1 500 480 0.6959
1 500 481 0.699775
1 500 482 0.69595
1 500 483 0.696575
1 500 484 0.6981
1 500 485 0.700025
1 500 486 0.70155
1 500 487 0.7025
1 500 488 0.702075
1 500 489 0.7004
1 500 490 0.70195
1 500 491 0.6983
1 500 492 0.7015
1 500 493 0.704975
1 500 494 0.70345
1 500 495 0.7031
1 500 496 0.7028
1 500 497 0.700225
1 500 498 0.701975
1 500 499 0.7036
1 500 500 0.70765
1 500 501 0.705675
1 500 502 0.706825
1 500 503 0.70565
1 500 504 0.7014
1 500 505 0.706425
1 500 506 0.705025
1 500 507 0.7037
1 500 508 0.7034
1 500 509 0.706275
1 500 510 0.702725
1 500 511 0.701275
1 500 512 0.701275
1 500 513 0.704925
1 500 514 0.704025
1 500 515 0.703475
1 500 516 0.704325
1 500 517 0.702175
1 500 518 0.703375
1 500 519 0.7022
1 500 520 0.70245
1 500 521 0.702775
1 500 522 0.69985
1 500 523 0.704175
1 500 524 0.705225
1 500 525 0.700125
1 500 526 0.702525
1 500 527 0.699575
1 500 528 0.701375
1 500 529 0.704725
1 500 530 0.701325
1 500 531 0.698475
1 500 532 0.6999
1 500 533 0.700725
1 500 534 0.702775
1 500 535 0.700325
1 500 536 0.698525
1 500 537 0.69685
1 500 538 0.7002
1 500 539 0.7013
1 500 540 0.6981
1 500 541 0.701275
1 500 542 0.699725
1 500 543 0.700475
1 500 544 0.70165
1 500 545 0.696475
1 500 546 0.700275
1 500 547 0.698825
1 500 548 0.695125
1 500 549 0.694275
1 500 550 0.698925
1 500 551 0.696775
1 500 552 0.698175
1 500 553 0.697825
1 500 554 0.696275
1 500 555 0.696325
1 500 556 0.69825
1 500 557 0.700225
1 500 558 0.698175
1 500 559 0.699325
1 500 560 0.69845
1 500 561 0.698225
1 500 562 0.69765
1 500 563 0.69615
1 500 564 0.6971
1 500 565 0.696725
1 500 566 0.695575
1 500 567 0.696825
1 500 568 0.69785
1 500 569 0.6921
1 500 570 0.69495
1 500 571 0.696
1 500 572 0.695575
1 500 573 0.6957
1 500 574 0.692375
1 500 575 0.695875
1 500 576 0.694875
1 500 577 0.6962
1 500 578 0.694875
1 500 579 0.69275
1 500 580 0.69495
1 500 581 0.6927
1 500 582 0.6942
1 500 583 0.6925
1 500 584 0.696525
1 500 585 0.6931
1 500 586 0.696625
1 500 587 0.691825
1 500 588 0.691125
1 500 589 0.695075
1 500 590 0.695225
1 500 591 0.697325
1 500 592 0.695675
1 500 593 0.6938
1 500 594 0.694275
1 500 595 0.6926
1 500 596 0.694425
1 500 597 0.6929
1 500 598 0.69225
1 500 599 0.69585
1 500 600 0.68825
1 500 601 0.6933
1 500 602 0.68975
1 500 603 0.692175
1 500 604 0.693775
1 500 605 0.692725
1 500 606 0.691625
1 500 607 0.6924
1 500 608 0.693375
1 500 609 0.6943
1 500 610 0.689875
1 500 611 0.688525
1 500 612 0.691725
1 500 613 0.693125
1 500 614 0.69055
1 500 615 0.69525
1 500 616 0.690525
1 500 617 0.690825
1 500 618 0.691325
1 500 619 0.6899
1 500 620 0.693825
1 500 621 0.6902
1 500 622 0.689275
1 500 623 0.691
1 500 624 0.689875
1 500 625 0.68985
1 500 626 0.69055
1 500 627 0.694075
1 500 628 0.691375
1 500 629 0.69005
1 500 630 0.69155
1 500 631 0.6907
1 500 632 0.688375
1 500 633 0.689375
1 500 634 0.692475
1 500 635 0.693525
1 500 636 0.68855
1 500 637 0.688725
1 500 638 0.689775
1 500 639 0.6877
1 500 640 0.687575
1 500 641 0.6878
1 500 642 0.69005
1 500 643 0.688375
1 500 644 0.691975
1 500 645 0.690275
1 500 646 0.6911
1 500 647 0.690575
1 500 648 0.689425
1 500 649 0.689175
1 500 650 0.691725
1 500 651 0.686175
1 500 652 0.68575
1 500 653 0.6872
1 500 654 0.69
1 500 655 0.690575
1 500 656 0.687925
1 500 657 0.69075
1 500 658 0.691825
1 500 659 0.6905
1 500 660 0.6892
1 500 661 0.68585
1 500 662 0.6892
1 500 663 0.686175
1 500 664 0.687675
1 500 665 0.68625
1 500 666 0.685875
1 500 667 0.68755
1 500 668 0.68635
1 500 669 0.684475
1 500 670 0.688575
1 500 671 0.68605
1 500 672 0.68555
1 500 673 0.691175
1 500 674 0.68405
1 500 675 0.6877
1 500 676 0.6851
1 500 677 0.685325
1 500 678 0.685325
1 500 679 0.688025
1 500 680 0.68675
1 500 681 0.685225
1 500 682 0.6862
1 500 683 0.683675
1 500 684 0.684875
1 500 685 0.688875
1 500 686 0.685475
1 500 687 0.688375
1 500 688 0.6823
1 500 689 0.68715
1 500 690 0.6858
1 500 691 0.684875
1 500 692 0.68415
1 500 693 0.688025
1 500 694 0.68655
1 500 695 0.68585
1 500 696 0.684825
1 500 697 0.6861
1 500 698 0.68455
1 500 699 0.684125
1 500 700 0.684975
1 500 701 0.6817
1 500 702 0.6866
1 500 703 0.685075
1 500 704 0.687725
1 500 705 0.689725
1 500 706 0.685575
1 500 707 0.6857
1 500 708 0.6865
1 500 709 0.684175
1 500 710 0.682375
1 500 711 0.684375
1 500 712 0.68825
1 500 713 0.683
1 500 714 0.687825
1 500 715 0.681425
1 500 716 0.684075
1 500 717 0.68335
1 500 718 0.687325
1 500 719 0.68505
1 500 720 0.68815
1 500 721 0.68525
1 500 722 0.6823
1 500 723 0.689375
1 500 724 0.68345
1 500 725 0.684175
1 500 726 0.684525
1 500 727 0.686175
1 500 728 0.681025
1 500 729 0.687025
1 500 730 0.684475
1 500 731 0.682575
1 500 732 0.682325
1 500 733 0.6817
1 500 734 0.682825
1 500 735 0.685
1 500 736 0.6824
1 500 737 0.68055
1 500 738 0.683225
1 500 739 0.684375
1 500 740 0.68275
1 500 741 0.6826
1 500 742 0.6835
1 500 743 0.68295
1 500 744 0.684225
1 500 745 0.68195
1 500 746 0.6834
1 500 747 0.683875
1 500 748 0.682075
1 500 749 0.679825
1 500 750 0.679825
1 500 751 0.682275
1 500 752 0.684375
1 500 753 0.681975
1 500 754 0.684275
1 500 755 0.68095
1 500 756 0.68025
1 500 757 0.679325
1 500 758 0.68445
1 500 759 0.681675
1 500 760 0.6807
1 500 761 0.681125
1 500 762 0.6815
1 500 763 0.682825
1 500 764 0.682325
1 500 765 0.6813
1 500 766 0.679825
1 500 767 0.679875
1 500 768 0.6808
1 500 769 0.68315
1 500 770 0.6822
1 500 771 0.6826
1 500 772 0.683025
1 500 773 0.684025
1 500 774 0.68075
1 500 775 0.68095
1 500 776 0.68225
1 500 777 0.678
1 500 778 0.681925
1 500 779 0.679825
1 500 780 0.68095
1 500 781 0.68125
1 500 782 0.681625
1 500 783 0.681475
1 500 784 0.68045
1 500 785 0.680525
1 500 786 0.68405
1 500 787 0.680275
1 500 788 0.6826
1 500 789 0.6818
1 500 790 0.679525
1 500 791 0.679175
1 500 792 0.686225
1 500 793 0.681025
1 500 794 0.6802
1 500 795 0.685025
1 500 796 0.68165
1 500 797 0.68335
1 500 798 0.68045
1 500 799 0.682875
1 500 800 0.68145
1 500 801 0.682625
1 500 802 0.68005
1 500 803 0.6804
1 500 804 0.6782
1 500 805 0.679675
1 500 806 0.68035
1 500 807 0.679025
1 500 808 0.6818
1 500 809 0.679225
1 500 810 0.682475
1 500 811 0.6823
1 500 812 0.6812
1 500 813 0.68005
1 500 814 0.6831
1 500 815 0.681325
1 500 816 0.6777
1 500 817 0.67905
1 500 818 0.67985
1 500 819 0.679125
1 500 820 0.679025
1 500 821 0.682925
1 500 822 0.680275
1 500 823 0.681775
1 500 824 0.678475
1 500 825 0.6805
1 500 826 0.680975
1 500 827 0.676825
1 500 828 0.680475
1 500 829 0.680025
1 500 830 0.679025
1 500 831 0.6795
1 500 832 0.678025
1 500 833 0.6809
1 500 834 0.681175
1 500 835 0.68075
1 500 836 0.681525
1 500 837 0.681925
1 500 838 0.67825
1 500 839 0.68
1 500 840 0.679225
1 500 841 0.679325
1 500 842 0.6811
1 500 843 0.68
1 500 844 0.67855
1 500 845 0.682425
1 500 846 0.679325
1 500 847 0.679375
1 500 848 0.67405
1 500 849 0.67825
1 500 850 0.67865
1 500 851 0.676825
1 500 852 0.680975
1 500 853 0.680675
1 500 854 0.677225
1 500 855 0.678375
1 500 856 0.67535
1 500 857 0.673875
1 500 858 0.67745
1 500 859 0.677075
1 500 860 0.675375
1 500 861 0.680075
1 500 862 0.67545
1 500 863 0.678825
1 500 864 0.678875
1 500 865 0.679225
1 500 866 0.67865
1 500 867 0.6756
1 500 868 0.677125
1 500 869 0.67895
1 500 870 0.678525
1 500 871 0.678025
1 500 872 0.6794
1 500 873 0.6756
1 500 874 0.677225
1 500 875 0.679775
1 500 876 0.68015
1 500 877 0.6776
1 500 878 0.6772
1 500 879 0.67815
1 500 880 0.67425
1 500 881 0.673375
1 500 882 0.677125
1 500 883 0.67965
1 500 884 0.678225
1 500 885 0.675675
1 500 886 0.67515
1 500 887 0.67575
1 500 888 0.675525
1 500 889 0.6771
1 500 890 0.679
1 500 891 0.677675
1 500 892 0.67995
1 500 893 0.6772
1 500 894 0.6757
1 500 895 0.68115
1 500 896 0.677475
1 500 897 0.67555
1 500 898 0.67845
1 500 899 0.678325
1 500 900 0.672575
1 500 901 0.67545
1 500 902 0.67405
1 500 903 0.675525
1 500 904 0.67225
1 500 905 0.674975
1 500 906 0.675975
1 500 907 0.673025
1 500 908 0.6757
1 500 909 0.6752
1 500 910 0.67685
1 500 911 0.674425
1 500 912 0.6742
1 500 913 0.674875
1 500 914 0.672
1 500 915 0.676925
1 500 916 0.674825
1 500 917 0.674775
1 500 918 0.672775
1 500 919 0.673825
1 500 920 0.6734
1 500 921 0.675775
1 500 922 0.673875
1 500 923 0.672575
1 500 924 0.67345
1 500 925 0.6736
1 500 926 0.671975
1 500 927 0.673325
1 500 928 0.6742
1 500 929 0.67105
1 500 930 0.67415
1 500 931 0.671125
1 500 932 0.6754
1 500 933 0.673025
1 500 934 0.6715
1 500 935 0.67425
1 500 936 0.67365
1 500 937 0.66925
1 500 938 0.672525
1 500 939 0.673975
1 500 940 0.674675
1 500 941 0.672025
1 500 942 0.6707
1 500 943 0.668
1 500 944 0.671775
1 500 945 0.6729
1 500 946 0.671575
1 500 947 0.6708
1 500 948 0.672175
1 500 949 0.6723
1 500 950 0.670975
1 500 951 0.672825
1 500 952 0.6719
1 500 953 0.67175
1 500 954 0.672375
1 500 955 0.6689
1 500 956 0.67175
1 500 957 0.67275
1 500 958 0.671275
1 500 959 0.673825
1 500 960 0.669625
1 500 961 0.67065
1 500 962 0.673125
1 500 963 0.669675
1 500 964 0.66905
1 500 965 0.670725
1 500 966 0.669475
1 500 967 0.6695
1 500 968 0.6664
1 500 969 0.664075
1 500 970 0.6692
1 500 971 0.6698
1 500 972 0.6703
1 500 973 0.665275
1 500 974 0.67155
1 500 975 0.66935
1 500 976 0.668075
1 500 977 0.66815
1 500 978 0.6709
1 500 979 0.667275
1 500 980 0.671325
1 500 981 0.6675
1 500 982 0.66925
1 500 983 0.670725
1 500 984 0.66745
1 500 985 0.669675
1 500 986 0.6706
1 500 987 0.6667
1 500 988 0.665975
1 500 989 0.66575
1 500 990 0.667475
1 500 991 0.66975
1 500 992 0.668675
1 500 993 0.667725
1 500 994 0.668775
1 500 995 0.667975
1 500 996 0.66585
1 500 997 0.6712
1 500 998 0.66875
1 500 999 0.66815
1 500 1000 0.6693
1 500 1001 0.66975
2 500 1 0.500575
2 500 2 0.531425
2 500 3 0.5535
2 500 4 0.564125
2 500 5 0.580775
2 500 6 0.588125
2 500 7 0.595725
2 500 8 0.6022
2 500 9 0.60715
2 500 10 0.6117
2 500 11 0.62125
2 500 12 0.618225
2 500 13 0.6308
2 500 14 0.628925
2 500 15 0.626825
2 500 16 0.632275
2 500 17 0.632725
2 500 18 0.639225
2 500 19 0.637325
2 500 20 0.64065
2 500 21 0.642325
2 500 22 0.639025
2 500 23 0.642975
2 500 24 0.64915
2 500 25 0.65385
2 500 26 0.647325
2 500 27 0.651
2 500 28 0.6527
2 500 29 0.648275
2 500 30 0.645
2 500 31 0.649175
2 500 32 0.646375
2 500 33 0.65385
2 500 34 0.65585
2 500 35 0.660425
2 500 36 0.65985
2 500 37 0.65535
2 500 38 0.6543
2 500 39 0.65935
2 500 40 0.659975
2 500 41 0.661775
2 500 42 0.6633
2 500 43 0.6581
2 500 44 0.659575
2 500 45 0.65845
2 500 46 0.6611
2 500 47 0.665625
2 500 48 0.666475
2 500 49 0.667975
2 500 50 0.673725
2 500 51 0.6682
2 500 52 0.665375
2 500 53 0.669425
2 500 54 0.662575
2 500 55 0.664175
2 500 56 0.665925
2 500 57 0.667875
2 500 58 0.669275
2 500 59 0.669825
2 500 60 0.672675
2 500 61 0.66745
2 500 62 0.670625
2 500 63 0.668925
2 500 64 0.66915
2 500 65 0.66735
2 500 66 0.6696
2 500 67 0.66785
2 500 68 0.6704
2 500 69 0.667025
2 500 70 0.668
2 500 71 0.66845
2 500 72 0.666375
2 500 73 0.665875
2 500 74 0.66435
2 500 75 0.661975
2 500 76 0.6637
2 500 77 0.6658
2 500 78 0.669775
2 500 79 0.6673
2 500 80 0.6646
2 500 81 0.660475
2 500 82 0.6624
2 500 83 0.659525
2 500 84 0.661175
2 500 85 0.661425
2 500 86 0.661
2 500 87 0.655375
2 500 88 0.652175
2 500 89 0.657325
2 500 90 0.654075
2 500 91 0.6556
2 500 92 0.66035
2 500 93 0.658125
2 500 94 0.662275
2 500 95 0.657375
2 500 96 0.662325
2 500 97 0.6607
2 500 98 0.6658
2 500 99 0.666775
2 500 100 0.6702
2 500 101 0.668525
2 500 102 0.66755
2 500 103 0.669725
2 500 104 0.6705
2 500 105 0.670925
2 500 106 0.672825
2 500 107 0.667225
2 500 108 0.6693
2 500 109 0.6698
2 500 110 0.66855
2 500 111 0.67245
2 500 112 0.670075
2 500 113 0.66665
2 500 114 0.668825
2 500 115 0.667625
2 500 116 0.668725
2 500 117 0.670725
2 500 118 0.672875
2 500 119 0.6703
2 500 120 0.66835
2 500 121 0.672575
2 500 122 0.67315
2 500 123 0.66785
2 500 124 0.675325
2 500 125 0.670625
2 500 126 0.67295
2 500 127 0.672275
2 500 128 0.66875
2 500 129 0.67355
2 500 130 0.675075
2 500 131 0.674125
2 500 132 0.67145
2 500 133 0.674975
2 500 134 0.674175
2 500 135 0.67685
2 500 136 0.675525
2 500 137 0.67855
2 500 138 0.67905
2 500 139 0.674825
2 500 140 0.6778
2 500 141 0.67595
2 500 142 0.67895
2 500 143 0.68075
2 500 144 0.68325
2 500 145 0.67915
2 500 146 0.677825
2 500 147 0.6774
2 500 148 0.67905
2 500 149 0.682125
2 500 150 0.6792
2 500 151 0.680225
2 500 152 0.681675
2 500 153 0.680675
2 500 154 0.680675
2 500 155 0.683425
2 500 156 0.679325
2 500 157 0.683225
2 500 158 0.681675
2 500 159 0.679225
2 500 160 0.6789
2 500 161 0.679775
2 500 162 0.68005
2 500 163 0.683175
2 500 164 0.682525
2 500 165 0.681
2 500 166 0.684625
2 500 167 0.6803
2 500 168 0.6803
2 500 169 0.68255
2 500 170 0.682325
2 500 171 0.68335
2 500 172 0.681275
2 500 173 0.6767
2 500 174 0.67825
2 500 175 0.678775
2 500 176 0.6766
2 500 177 0.6765
2 500 178 0.68095
2 500 179 0.682025
2 500 180 0.67635
2 500 181 0.6798
2 500 182 0.680025
2 500 183 0.680175
2 500 184 0.676825
2 500 185 0.680925
2 500 186 0.677
2 500 187 0.678225
2 500 188 0.677725
2 500 189 0.677775
2 500 190 0.6771
2 500 191 0.6739
2 500 192 0.6755
2 500 193 0.67315
2 500 194 0.6729
2 500 195 0.677825
2 500 196 0.672675
2 500 197 0.677575
2 500 198 0.6759
2 500 199 0.67225
2 500 200 0.6729
2 500 201 0.6728
2 500 202 0.674625
2 500 203 0.67215
2 500 204 0.673275
2 500 205 0.6755
2 500 206 0.672775
2 500 207 0.673675
2 500 208 0.675375
2 500 209 0.67335
2 500 210 0.668375
2 500 211 0.679875
2 500 212 0.675575
2 500 213 0.6783
2 500 214 0.67495
2 500 215 0.6773
2 500 216 0.67675
2 500 217 0.675325
2 500 218 0.67765
2 500 219 0.6765
2 500 220 0.67545
2 500 221 0.678125
2 500 222 0.677175
2 500 223 0.675675
2 500 224 0.673975
2 500 225 0.67755
2 500 226 0.67735
2 500 227 0.6747
2 500 228 0.67775
2 500 229 0.678875
2 500 230 0.677625
2 500 231 0.679875
2 500 232 0.6764
2 500 233 0.674175
2 500 234 0.6768
2 500 235 0.678875
2 500 236 0.6776
2 500 237 0.673675
2 500 238 0.679425
2 500 239 0.6792
2 500 240 0.67765
2 500 241 0.6792
2 500 242 0.683025
2 500 243 0.6767
2 500 244 0.679075
2 500 245 0.676975
2 500 246 0.67905
2 500 247 0.676775
2 500 248 0.679
2 500 249 0.680275
2 500 250 0.6797
2 500 251 0.680125
2 500 252 0.684125
2 500 253 0.682275
2 500 254 0.6838
2 500 255 0.68105
2 500 256 0.678925
2 500 257 0.682625
2 500 258 0.6822
2 500 259 0.68035
2 500 260 0.67625
2 500 261 0.676325
2 500 262 0.6775
2 500 263 0.678675
2 500 264 0.676275
2 500 265 0.677925
2 500 266 0.6745
2 500 267 0.678325
2 500 268 0.6798
2 500 269 0.675725
2 500 270 0.676125
2 500 271 0.672175
2 500 272 0.673675
2 500 273 0.6741
2 500 274 0.675275
2 500 275 0.6736
2 500 276 0.67135
2 500 277 0.672875
2 500 278 0.675725
2 500 279 0.673
2 500 280 0.675325
2 500 281 0.674025
2 500 282 0.6763
2 500 283 0.674525
2 500 284 0.67315
2 500 285 0.67395
2 500 286 0.67165
2 500 287 0.671975
2 500 288 0.669625
2 500 289 0.66855
2 500 290 0.669775
2 500 291 0.6713
2 500 292 0.66925
2 500 293 0.669775
2 500 294 0.668225
2 500 295 0.670875
2 500 296 0.672925
2 500 297 0.668875
2 500 298 0.669325
2 500 299 0.6696
2 500 300 0.66725
2 500 301 0.668375
2 500 302 0.668225
2 500 303 0.6701
2 500 304 0.664125
2 500 305 0.670175
2 500 306 0.6688
2 500 307 0.670325
2 500 308 0.66685
2 500 309 0.6634
2 500 310 0.664675
2 500 311 0.66555
2 500 312 0.663175
2 500 313 0.664275
2 500 314 0.659725
2 500 315 0.66235
2 500 316 0.66205
2 500 317 0.660775
2 500 318 0.6616
2 500 319 0.66295
2 500 320 0.657825
2 500 321 0.6593
2 500 322 0.659075
2 500 323 0.661975
2 500 324 0.658025
2 500 325 0.659875
2 500 326 0.6591
2 500 327 0.66065
2 500 328 0.65615
2 500 329 0.661475
2 500 330 0.6582
2 500 331 0.6578
2 500 332 0.662275
2 500 333 0.66205
2 500 334 0.661525
2 500 335 0.661
2 500 336 0.658825
2 500 337 0.658525
2 500 338 0.662325
2 500 339 0.66115
2 500 340 0.6605
2 500 341 0.6595
2 500 342 0.6584
2 500 343 0.660475
2 500 344 0.66065
2 500 345 0.6592
2 500 346 0.66065
2 500 347 0.6619
2 500 348 0.66185
2 500 349 0.663725
2 500 350 0.6642
2 500 351 0.66185
2 500 352 0.666625
2 500 353 0.6587
2 500 354 0.661425
2 500 355 0.661175
2 500 356 0.661925
2 500 357 0.6643
2 500 358 0.665575
2 500 359 0.658975
2 500 360 0.66555
2 500 361 0.66355
2 500 362 0.662475
2 500 363 0.666175
2 500 364 0.66415
2 500 365 0.66545
2 500 366 0.669975
2 500 367 0.6669
2 500 368 0.66545
2 500 369 0.66855
2 500 370 0.6692
2 500 371 0.6683
2 500 372 0.66975
2 500 373 0.66825
2 500 374 0.66705
2 500 375 0.6673
2 500 376 0.668025
2 500 377 0.667975
2 500 378 0.665625
2 500 379 0.672275
2 500 380 0.668475
2 500 381 0.6679
2 500 382 0.66715
2 500 383 0.66835
2 500 384 0.666925
2 500 385 0.669825
2 500 386 0.666775
2 500 387 0.671075
2 500 388 0.672125
2 500 389 0.67285
2 500 390 0.668975
2 500 391 0.6687
2 500 392 0.670425
2 500 393 0.668675
2 500 394 0.672575
2 500 395 0.666125
2 500 396 0.67095
2 500 397 0.67285
2 500 398 0.672225
2 500 399 0.672125
2 500 400 0.675575
2 500 401 0.67225
2 500 402 0.672025
2 500 403 0.6741
2 500 404 0.67565
2 500 405 0.676925
2 500 406 0.673975
2 500 407 0.6746
2 500 408 0.674825
2 500 409 0.674225
2 500 410 0.6786
2 500 411 0.67675
2 500 412 0.67645
2 500 413 0.676125
2 500 414 0.67425
2 500 415 0.674475
2 500 416 0.6771
2 500 417 0.6724
2 500 418 0.675475
2 500 419 0.677675
2 500 420 0.6834
2 500 421 0.678575
2 500 422 0.680675
2 500 423 0.676975
2 500 424 0.678225
2 500 425 0.682025
2 500 426 0.679275
2 500 427 0.68125
2 500 428 0.678525
2 500 429 0.678925
2 500 430 0.6828
2 500 431 0.6839
2 500 432 0.6845
2 500 433 0.683675
2 500 434 0.680675
2 500 435 0.68195
2 500 436 0.682
2 500 437 0.6871
2 500 438 0.6831
2 500 439 0.686625
2 500 440 0.682
2 500 441 0.68295
2 500 442 0.684625
2 500 443 0.68455
2 500 444 0.687475
2 500 445 0.683525
2 500 446 0.68445
2 500 447 0.68695
2 500 448 0.686525
2 500 449 0.6864
2 500 450 0.687425
2 500 451 0.686225
2 500 452 0.6885
2 500 453 0.684625
2 500 454 0.691775
2 500 455 0.6874
2 500 456 0.6901
2 500 457 0.69015
2 500 458 0.691225
2 500 459 0.694025
2 500 460 0.693775
2 500 461 0.6924
2 500 462 0.689675
2 500 463 0.688775
2 500 464 0.6922
2 500 465 0.6894
2 500 466 0.6941
2 500 467 0.692
2 500 468 0.695275
2 500 469 0.6936
2 500 470 0.692725
2 500 471 0.692425
2 500 472 0.69315
2 500 473 0.69295
2 500 474 0.695575
2 500 475 0.695225
2 500 476 0.69815
2 500 477 0.697825
2 500 478 0.694375
2 500 479 0.69645
2 500 480 0.69965
2 500 481 0.696275
2 500 482 0.696575
2 500 483 0.70115
2 500 484 0.69975
2 500 485 0.69475
2 500 486 0.70005
2 500 487 0.70075
2 500 488 0.7023
2 500 489 0.698525
2 500 490 0.6992
2 500 491 0.701925
2 500 492 0.702
2 500 493 0.701975
2 500 494 0.703775
2 500 495 0.703325
2 500 496 0.704725
2 500 497 0.702925
2 500 498 0.703925
2 500 499 0.703225
2 500 500 0.705775
2 500 501 0.705475
2 500 502 0.70605
2 500 503 0.703475
2 500 504 0.70285
2 500 505 0.703775
2 500 506 0.7048
2 500 507 0.7056
2 500 508 0.70325
2 500 509 0.704425
2 500 510 0.702625
2 500 511 0.7009
2 500 512 0.70205
2 500 513 0.703725
2 500 514 0.701175
2 500 515 0.705825
2 500 516 0.7031
2 500 517 0.701175
2 500 518 0.703275
2 500 519 0.704075
2 500 520 0.702875
2 500 521 0.70465
2 500 522 0.702975
2 500 523 0.7049
2 500 524 0.701825
2 500 525 0.70285
2 500 526 0.70215
2 500 527 0.70315
2 500 528 0.702175
2 500 529 0.700825
2 500 530 0.70075
2 500 531 0.7034
2 500 532 0.69895
2 500 533 0.699925
2 500 534 0.699275
2 500 535 0.69895
2 500 536 0.698575
2 500 537 0.700675
2 500 538 0.698325
2 500 539 0.699225
2 500 540 0.69745
2 500 541 0.698975
2 500 542 0.70005
2 500 543 0.701025
2 500 544 0.6998
2 500 545 0.696075
2 500 546 0.701125
2 500 547 0.6986
2 500 548 0.6983
2 500 549 0.69775
2 500 550 0.697775
2 500 551 0.69855
2 500 552 0.700525
2 500 553 0.697175
2 500 554 0.697225
2 500 555 0.6976
2 500 556 0.696025
2 500 557 0.6978
2 500 558 0.698675
2 500 559 0.69745
2 500 560 0.6946
2 500 561 0.692775
2 500 562 0.694225
2 500 563 0.695375
2 500 564 0.698625
2 500 565 0.694675
2 500 566 0.6949
2 500 567 0.695625
2 500 568 0.69545
2 500 569 0.6978
2 500 570 0.700125
2 500 571 0.6965
2 500 572 0.6936
2 500 573 0.691225
2 500 574 0.6927
2 500 575 0.695425
2 500 576 0.6938
2 500 577 0.69325
2 500 578 0.692225
2 500 579 0.696925
2 500 580 0.698075
2 500 581 0.69365
2 500 582 0.696775
2 500 583 0.695625
2 500 584 0.696225
2 500 585 0.69565
2 500 586 0.6977
2 500 587 0.69305
2 500 588 0.6969
2 500 589 0.694225
2 500 590 0.6949
2 500 591 0.691375
2 500 592 0.696575
2 500 593 0.693225
2 500 594 0.6893
2 500 595 0.69455
2 500 596 0.691825
2 500 597 0.69475
2 500 598 0.6927
2 500 599 0.691525
2 500 600 0.69435
2 500 601 0.692225
2 500 602 0.693225
2 500 603 0.695075
2 500 604 0.693125
2 500 605 0.693975
2 500 606 0.689175
2 500 607 0.692125
2 500 608 0.6944
2 500 609 0.6917
2 500 610 0.691825
2 500 611 0.6942
2 500 612 0.692725
2 500 613 0.689125
2 500 614 0.692525
2 500 615 0.689125
2 500 616 0.69145
2 500 617 0.69195
2 500 618 0.692475
2 500 619 0.689675
2 500 620 0.68775
2 500 621 0.6894
2 500 622 0.6906
2 500 623 0.6924
2 500 624 0.6937
2 500 625 0.688925
2 500 626 0.68935
2 500 627 0.689275
2 500 628 0.68815
2 500 629 0.688525
2 500 630 0.693625
2 500 631 0.689825
2 500 632 0.68735
2 500 633 0.686575
2 500 634 0.69055
2 500 635 0.6902
2 500 636 0.691375
2 500 637 0.688975
2 500 638 0.6901
2 500 639 0.689075
2 500 640 0.689525
2 500 641 0.686
2 500 642 0.6893
2 500 643 0.68775
2 500 644 0.6893
2 500 645 0.6908
2 500 646 0.6927
2 500 647 0.688275
2 500 648 0.688975
2 500 649 0.690125
2 500 650 0.690525
2 500 651 0.688425
2 500 652 0.6896
2 500 653 0.688275
2 500 654 0.6883
2 500 655 0.689525
2 500 656 0.689725
2 500 657 0.687175
2 500 658 0.6858
2 500 659 0.689775
2 500 660 0.691325
2 500 661 0.685975
2 500 662 0.68605
2 500 663 0.684925
2 500 664 0.687975
2 500 665 0.689275
2 500 666 0.6859
2 500 667 0.68355
2 500 668 0.687725
2 500 669 0.688125
2 500 670 0.686275
2 500 671 0.68785
2 500 672 0.68685
2 500 673 0.68435
2 500 674 0.684925
2 500 675 0.686375
2 500 676 0.687375
2 500 677 0.68555
2 500 678 0.68565
2 500 679 0.688775
2 500 680 0.688825
2 500 681 0.6854
2 500 682 0.686475
2 500 683 0.6842
2 500 684 0.686025
2 500 685 0.687975
2 500 686 0.68625
2 500 687 0.682025
2 500 688 0.6872
2 500 689 0.688125
2 500 690 0.6892
2 500 691 0.68585
2 500 692 0.6876
2 500 693 0.68555
2 500 694 0.685075
2 500 695 0.6888
2 500 696 0.68725
2 500 697 0.682125
2 500 698 0.689
2 500 699 0.6831
2 500 700 0.68475
2 500 701 0.6875
2 500 702 0.683525
2 500 703 0.687625
2 500 704 0.6861
2 500 705 0.684425
2 500 706 0.680575
2 500 707 0.687525
2 500 708 0.68145
2 500 709 0.68505
2 500 710 0.686625
2 500 711 0.685425
2 500 712 0.684175
2 500 713 0.68535
2 500 714 0.685275
2 500 715 0.6847
2 500 716 0.68485
2 500 717 0.684475
2 500 718 0.686625
2 500 719 0.685075
2 500 720 0.683975
2 500 721 0.682275
2 500 722 0.68395
2 500 723 0.686
2 500 724 0.6819
2 500 725 0.683375
2 500 726 0.684275
2 500 727 0.681575
2 500 728 0.6849
2 500 729 0.684875
2 500 730 0.68325
2 500 731 0.682425
2 500 732 0.684775
2 500 733 0.688825
2 500 734 0.681825
2 500 735 0.683675
2 500 736 0.6855
2 500 737 0.683275
2 500 738 0.68245
2 500 739 0.68155
2 500 740 0.6846
2 500 741 0.680525
2 500 742 0.680725
2 500 743 0.68525
2 500 744 0.6848
2 500 745 0.68075
2 500 746 0.6861
2 500 747 0.6851
2 500 748 0.681275
2 500 749 0.681575
2 500 750 0.685275
2 500 751 0.682425
2 500 752 0.6817
2 500 753 0.68525
2 500 754 0.68245
2 500 755 0.68525
2 500 756 0.680675
2 500 757 0.68595
2 500 758 0.6807
2 500 759 0.685125
2 500 760 0.682175
2 500 761 0.682875
2 500 762 0.6803
2 500 763 0.685175
2 500 764 0.6806
2 500 765 0.67605
2 500 766 0.6841
2 500 767 0.68245
2 500 768 0.683375
2 500 769 0.67945
2 500 770 0.681725
2 500 771 0.6843
2 500 772 0.681775
2 500 773 0.6832
2 500 774 0.6826
2 500 775 0.683575
2 500 776 0.68305
2 500 777 0.6834
2 500 778 0.6791
2 500 779 0.677525
2 500 780 0.681825
2 500 781 0.68135
2 500 782 0.68305
2 500 783 0.682275
2 500 784 0.681725
2 500 785 0.68055
2 500 786 0.67745
2 500 787 0.68035
2 500 788 0.683275
2 500 789 0.6818
2 500 790 0.6806
2 500 791 0.679825
2 500 792 0.6828
2 500 793 0.684625
2 500 794 0.685925
2 500 795 0.67895
2 500 796 0.682325
2 500 797 0.68025
2 500 798 0.683275
2 500 799 0.68325
2 500 800 0.683075
2 500 801 0.681075
2 500 802 0.677525
2 500 803 0.681125
2 500 804 0.680325
2 500 805 0.6829
2 500 806 0.6789
2 500 807 0.68025
2 500 808 0.682325
2 500 809 0.680425
2 500 810 0.681425
2 500 811 0.67905
2 500 812 0.675975
2 500 813 0.679375
2 500 814 0.680025
2 500 815 0.67865
2 500 816 0.677175
2 500 817 0.678925
2 500 818 0.67705
2 500 819 0.67955
2 500 820 0.67685
2 500 821 0.67795
2 500 822 0.679475
2 500 823 0.67675
2 500 824 0.679225
2 500 825 0.679425
2 500 826 0.681325
2 500 827 0.6757
2 500 828 0.68235
2 500 829 0.6791
2 500 830 0.681575
2 500 831 0.68115
2 500 832 0.68025
2 500 833 0.682425
2 500 834 0.68065
2 500 835 0.67615
2 500 836 0.6785
2 500 837 0.682525
2 500 838 0.676225
2 500 839 0.678925
2 500 840 0.679275
2 500 841 0.679575
2 500 842 0.677975
2 500 843 0.679325
2 500 844 0.68165
2 500 845 0.682275
2 500 846 0.678525
2 500 847 0.6766
2 500 848 0.6809
2 500 849 0.676775
2 500 850 0.6782
2 500 851 0.6807
2 500 852 0.678675
2 500 853 0.677275
2 500 854 0.679225
2 500 855 0.6806
2 500 856 0.6802
2 500 857 0.6758
2 500 858 0.6758
2 500 859 0.67695
2 500 860 0.68
2 500 861 0.678025
2 500 862 0.67635
2 500 863 0.67895
2 500 864 0.678425
2 500 865 0.67715
2 500 866 0.677325
2 500 867 0.678175
2 500 868 0.68
2 500 869 0.678525
2 500 870 0.6767
2 500 871 0.679425
2 500 872 0.675425
2 500 873 0.678425
2 500 874 0.677075
2 500 875 0.677625
2 500 876 0.67885
2 500 877 0.678375
2 500 878 0.67765
2 500 879 0.676475
2 500 880 0.6735
2 500 881 0.67895
2 500 882 0.673275
2 500 883 0.676125
2 500 884 0.67535
2 500 885 0.6776
2 500 886 0.6782
2 500 887 0.67555
2 500 888 0.676075
2 500 889 0.678475
2 500 890 0.675475
2 500 891 0.6759
2 500 892 0.6757
2 500 893 0.677925
2 500 894 0.6781
2 500 895 0.6772
2 500 896 0.67365
2 500 897 0.674475
2 500 898 0.675875
2 500 899 0.6769
2 500 900 0.6737
2 500 901 0.674425
2 500 902 0.679025
2 500 903 0.677875
2 500 904 0.674725
2 500 905 0.67345
2 500 906 0.675325
2 500 907 0.673575
2 500 908 0.6761
2 500 909 0.677075
2 500 910 0.6743
2 500 911 0.673625
2 500 912 0.673225
2 500 913 0.673425
2 500 914 0.67175
2 500 915 0.6755
2 500 916 0.675725
2 500 917 0.675175
2 500 918 0.673325
2 500 919 0.672975
2 500 920 0.6722
2 500 921 0.676175
2 500 922 0.676175
2 500 923 0.672925
2 500 924 0.67505
2 500 925 0.67235
2 500 926 0.67425
2 500 927 0.67305
2 500 928 0.67105
2 500 929 0.674325
2 500 930 0.667975
2 500 931 0.67305
2 500 932 0.6718
2 500 933 0.6725
2 500 934 0.673725
2 500 935 0.668475
2 500 936 0.67135
2 500 937 0.674125
2 500 938 0.671425
2 500 939 0.6713
2 500 940 0.669225
2 500 941 0.669625
2 500 942 0.67545
2 500 943 0.6718
2 500 944 0.67355
2 500 945 0.674175
2 500 946 0.67215
2 500 947 0.670275
2 500 948 0.6732
2 500 949 0.672325
2 500 950 0.671325
2 500 951 0.66995
2 500 952 0.67395
2 500 953 0.668925
2 500 954 0.67165
2 500 955 0.6719
2 500 956 0.668975
2 500 957 0.6721
2 500 958 0.669975
2 500 959 0.669175
2 500 960 0.6722
2 500 961 0.668075
2 500 962 0.67055
2 500 963 0.668775
2 500 964 0.671025
2 500 965 0.669575
2 500 966 0.6708
2 500 967 0.671075
2 500 968 0.67075
2 500 969 0.66915
2 500 970 0.670225
2 500 971 0.66945
2 500 972 0.668325
2 500 973 0.670975
2 500 974 0.6685
2 500 975 0.666475
2 500 976 0.66765
2 500 977 0.668975
2 500 978 0.6689
2 500 979 0.66845
2 500 980 0.665975
2 500 981 0.669475
2 500 982 0.6703
2 500 983 0.66855
2 500 984 0.66825
2 500 985 0.673675
2 500 986 0.671775
2 500 987 0.669675
2 500 988 0.66865
2 500 989 0.669325
2 500 990 0.6676
2 500 991 0.6709
2 500 992 0.6674
2 500 993 0.66855
2 500 994 0.6672
2 500 995 0.66705
2 500 996 0.668
2 500 997 0.668325
2 500 998 0.67175
2 500 999 0.6702
2 500 1000 0.669875
2 500 1001 0.6682
