1 50 1 0.506462
1 50 2 0.505875
1 50 3 0.5125
1 50 4 0.52615
1 50 5 0.524
1 50 6 0.528125
1 50 7 0.53765
1 50 8 0.532575
1 50 9 0.534475
1 50 10 0.54225
1 50 11 0.539525
1 50 12 0.53495
1 50 13 0.547025
1 50 14 0.543425
1 50 15 0.545975
1 50 16 0.54405
1 50 17 0.5476
1 50 18 0.543425
1 50 19 0.545475
1 50 20 0.544475
1 50 21 0.54685
1 50 22 0.546625
1 50 23 0.552875
1 50 24 0.550675
1 50 25 0.557
1 50 26 0.5539
1 50 27 0.5566
1 50 28 0.55445
1 50 29 0.56005
1 50 30 0.554675
1 50 31 0.558775
1 50 32 0.55385
1 50 33 0.5553
1 50 34 0.550375
1 50 35 0.5553
1 50 36 0.552475
1 50 37 0.55935
1 50 38 0.562075
1 50 39 0.558775
1 50 40 0.55465
1 50 41 0.55905
1 50 42 0.560025
1 50 43 0.55655
1 50 44 0.55785
1 50 45 0.56335
1 50 46 0.56285
1 50 47 0.562425
1 50 48 0.561225
1 50 49 0.565075
1 50 50 0.56145
1 50 51 0.5621
1 50 52 0.558125
1 50 53 0.563225
1 50 54 0.563175
1 50 55 0.5631
1 50 56 0.563325
1 50 57 0.56295
1 50 58 0.56225
1 50 59 0.559575
1 50 60 0.562025
1 50 61 0.56085
1 50 62 0.5596
1 50 63 0.55895
1 50 64 0.561425
1 50 65 0.558825
1 50 66 0.56015
1 50 67 0.55605
1 50 68 0.5618
1 50 69 0.55575
1 50 70 0.55655
1 50 71 0.55955
1 50 72 0.553575
1 50 73 0.5609
1 50 74 0.5572
1 50 75 0.55795
1 50 76 0.56
1 50 77 0.560225
1 50 78 0.563175
1 50 79 0.557975
1 50 80 0.560925
1 50 81 0.559075
1 50 82 0.55965
1 50 83 0.556375
1 50 84 0.5541
1 50 85 0.55875
1 50 86 0.554375
1 50 87 0.561525
1 50 88 0.5567
1 50 89 0.55675
1 50 90 0.556675
1 50 91 0.55465
1 50 92 0.5571
1 50 93 0.558225
1 50 94 0.558025
1 50 95 0.559075
1 50 96 0.556975
1 50 97 0.564075
1 50 98 0.5594
1 50 99 0.55815
1 50 100 0.564525
1 50 101 0.562275
1 50 102 0.5619
1 50 103 0.562125
1 50 104 0.5629
1 50 105 0.5638
1 50 106 0.564025
1 50 107 0.5615
1 50 108 0.56
1 50 109 0.5599
1 50 110 0.560875
1 50 111 0.55955
1 50 112 0.56195
1 50 113 0.55605
1 50 114 0.5603
1 50 115 0.56385
1 50 116 0.55865
1 50 117 0.559
1 50 118 0.5582
1 50 119 0.5636
1 50 120 0.562175
1 50 121 0.558725
1 50 122 0.56055
1 50 123 0.560125
1 50 124 0.559575
1 50 125 0.5637
1 50 126 0.5623
1 50 127 0.5572
1 50 128 0.5646
1 50 129 0.564325
1 50 130 0.562275
1 50 131 0.5624
1 50 132 0.5659
1 50 133 0.565575
1 50 134 0.56425
1 50 135 0.562025
1 50 136 0.56555
1 50 137 0.561075
1 50 138 0.562675
1 50 139 0.56285
1 50 140 0.567025
1 50 141 0.567575
1 50 142 0.565825
1 50 143 0.5662
1 50 144 0.5635
1 50 145 0.56445
1 50 146 0.565375
1 50 147 0.56565
1 50 148 0.5641
1 50 149 0.5635
1 50 150 0.56495
1 50 151 0.56595
1 50 152 0.567925
1 50 153 0.566725
1 50 154 0.5644
1 50 155 0.56845
1 50 156 0.567275
1 50 157 0.562575
1 50 158 0.56815
1 50 159 0.5667
1 50 160 0.56645
1 50 161 0.5616
1 50 162 0.5663
1 50 163 0.567075
1 50 164 0.564975
1 50 165 0.564825
1 50 166 0.563775
1 50 167 0.564125
1 50 168 0.56535
1 50 169 0.5657
1 50 170 0.563
1 50 171 0.5612
1 50 172 0.5592
1 50 173 0.56355
1 50 174 0.56405
1 50 175 0.56255
1 50 176 0.561825
1 50 177 0.5597
1 50 178 0.564625
1 50 179 0.55955
1 50 180 0.562225
1 50 181 0.563075
1 50 182 0.55945
1 50 183 0.56245
1 50 184 0.56265
1 50 185 0.559825
1 50 186 0.559625
1 50 187 0.563825
1 50 188 0.557975
1 50 189 0.5623
1 50 190 0.5602
1 50 191 0.557625
1 50 192 0.559875
1 50 193 0.561775
1 50 194 0.5586
1 50 195 0.556775
1 50 196 0.5606
1 50 197 0.5603
1 50 198 0.558375
1 50 199 0.561775
1 50 200 0.56065
1 50 201 0.55735
1 50 202 0.56115
1 50 203 0.56135
1 50 204 0.560275
1 50 205 0.559725
1 50 206 0.560675
1 50 207 0.56095
1 50 208 0.560075
1 50 209 0.5569
1 50 210 0.558725
1 50 211 0.5617
1 50 212 0.562375
1 50 213 0.561425
1 50 214 0.5586
1 50 215 0.5602
1 50 216 0.55825
1 50 217 0.559775
1 50 218 0.5611
1 50 219 0.559325
1 50 220 0.5595
1 50 221 0.5574
1 50 222 0.558625
1 50 223 0.5597
1 50 224 0.561525
1 50 225 0.563275
1 50 226 0.560625
1 50 227 0.559925
1 50 228 0.55865
1 50 229 0.5603
1 50 230 0.559925
1 50 231 0.560625
1 50 232 0.56115
1 50 233 0.559975
1 50 234 0.5596
1 50 235 0.560675
1 50 236 0.55745
1 50 237 0.55695
1 50 238 0.561975
1 50 239 0.5597
1 50 240 0.563875
1 50 241 0.55925
1 50 242 0.5616
1 50 243 0.559125
1 50 244 0.559225
1 50 245 0.559475
1 50 246 0.564325
1 50 247 0.561125
1 50 248 0.56475
1 50 249 0.5646
1 50 250 0.558125
1 50 251 0.561175
1 50 252 0.561375
1 50 253 0.561725
1 50 254 0.5585
1 50 255 0.5598
1 50 256 0.56305
1 50 257 0.5617
1 50 258 0.562325
1 50 259 0.556375
1 50 260 0.560675
1 50 261 0.562575
1 50 262 0.560725
1 50 263 0.559925
1 50 264 0.5552
1 50 265 0.558975
1 50 266 0.5622
1 50 267 0.5623
1 50 268 0.5599
1 50 269 0.560125
1 50 270 0.5615
1 50 271 0.56
1 50 272 0.55785
1 50 273 0.5593
1 50 274 0.559725
1 50 275 0.560475
1 50 276 0.5549
1 50 277 0.562325
1 50 278 0.556625
1 50 279 0.558425
1 50 280 0.560025
1 50 281 0.56045
1 50 282 0.5549
1 50 283 0.5578
1 50 284 0.5626
1 50 285 0.557725
1 50 286 0.55955
1 50 287 0.5609
1 50 288 0.5556
1 50 289 0.5582
1 50 290 0.5605
1 50 291 0.559625
1 50 292 0.556675
1 50 293 0.559725
1 50 294 0.558975
1 50 295 0.55695
1 50 296 0.558175
1 50 297 0.557825
1 50 298 0.5585
1 50 299 0.556525
1 50 300 0.5551
1 50 301 0.557375
1 50 302 0.5601
1 50 303 0.554925
1 50 304 0.558975
1 50 305 0.556425
1 50 306 0.558375
1 50 307 0.5572
1 50 308 0.5582
1 50 309 0.55655
1 50 310 0.55715
1 50 311 0.55645
1 50 312 0.560125
1 50 313 0.556025
1 50 314 0.55555
1 50 315 0.556975
1 50 316 0.557675
1 50 317 0.557225
1 50 318 0.5592
1 50 319 0.5557
1 50 320 0.55585
1 50 321 0.555925
1 50 322 0.554625
1 50 323 0.559075
1 50 324 0.556675
1 50 325 0.557575
1 50 326 0.5559
1 50 327 0.557625
1 50 328 0.556275
1 50 329 0.558
1 50 330 0.555825
1 50 331 0.5595
1 50 332 0.555425
1 50 333 0.55875
1 50 334 0.555775
1 50 335 0.559575
1 50 336 0.557375
1 50 337 0.559775
1 50 338 0.555725
1 50 339 0.558075
1 50 340 0.557325
1 50 341 0.55705
1 50 342 0.554525
1 50 343 0.55645
1 50 344 0.558175
1 50 345 0.5556
1 50 346 0.5546
1 50 347 0.555775
1 50 348 0.557425
1 50 349 0.557475
1 50 350 0.555425
1 50 351 0.555125
1 50 352 0.5536
1 50 353 0.55675
1 50 354 0.556025
1 50 355 0.556975
1 50 356 0.55515
1 50 357 0.557275
1 50 358 0.560625
1 50 359 0.55495
1 50 360 0.5573
1 50 361 0.55375
1 50 362 0.557525
1 50 363 0.558075
1 50 364 0.558225
1 50 365 0.5575
1 50 366 0.555625
1 50 367 0.558
1 50 368 0.56045
1 50 369 0.555025
1 50 370 0.5557
1 50 371 0.5563
1 50 372 0.55625
1 50 373 0.562175
1 50 374 0.55565
1 50 375 0.559075
1 50 376 0.557475
1 50 377 0.557225
1 50 378 0.5593
1 50 379 0.55515
1 50 380 0.55925
1 50 381 0.560525
1 50 382 0.5588
1 50 383 0.5601
1 50 384 0.557025
1 50 385 0.556525
1 50 386 0.560025
1 50 387 0.560075
1 50 388 0.5628
1 50 389 0.562975
1 50 390 0.558725
1 50 391 0.55825
1 50 392 0.5632
1 50 393 0.560075
1 50 394 0.5576
1 50 395 0.56
1 50 396 0.562075
1 50 397 0.56055
1 50 398 0.5619
1 50 399 0.560225
1 50 400 0.558925
1 50 401 0.55975
1 50 402 0.5587
1 50 403 0.5616
1 50 404 0.556225
1 50 405 0.55845
1 50 406 0.561525
1 50 407 0.5596
1 50 408 0.557825
1 50 409 0.561225
1 50 410 0.55845
1 50 411 0.558275
1 50 412 0.5615
1 50 413 0.562375
1 50 414 0.558225
1 50 415 0.560075
1 50 416 0.55865
1 50 417 0.5589
1 50 418 0.56015
1 50 419 0.56045
1 50 420 0.56015
1 50 421 0.562825
1 50 422 0.56185
1 50 423 0.560075
1 50 424 0.55905
1 50 425 0.561675
1 50 426 0.560275
1 50 427 0.558925
1 50 428 0.560875
1 50 429 0.5619
1 50 430 0.56515
1 50 431 0.56325
1 50 432 0.5579
1 50 433 0.5589
1 50 434 0.56105
1 50 435 0.560625
1 50 436 0.5618
1 50 437 0.56155
1 50 438 0.562675
1 50 439 0.56075
1 50 440 0.56255
1 50 441 0.56
1 50 442 0.561425
1 50 443 0.560225
1 50 444 0.5604
1 50 445 0.562575
1 50 446 0.560125
1 50 447 0.561725
1 50 448 0.560375
1 50 449 0.564975
1 50 450 0.558925
1 50 451 0.559575
1 50 452 0.5602
1 50 453 0.563325
1 50 454 0.5621
1 50 455 0.560925
1 50 456 0.5601
1 50 457 0.561825
1 50 458 0.5656
1 50 459 0.560375
1 50 460 0.56515
1 50 461 0.566925
1 50 462 0.56365
1 50 463 0.567175
1 50 464 0.5629
1 50 465 0.5625
1 50 466 0.561925
1 50 467 0.56445
1 50 468 0.562525
1 50 469 0.562025
1 50 470 0.563175
1 50 471 0.562525
1 50 472 0.565425
1 50 473 0.561775
1 50 474 0.56505
1 50 475 0.563375
1 50 476 0.562575
1 50 477 0.565775
1 50 478 0.562175
1 50 479 0.56115
1 50 480 0.560525
1 50 481 0.565925
1 50 482 0.563225
1 50 483 0.56295
1 50 484 0.565025
1 50 485 0.5624
1 50 486 0.568575
1 50 487 0.56315
1 50 488 0.561525
1 50 489 0.5644
1 50 490 0.56365
1 50 491 0.56425
1 50 492 0.566125
1 50 493 0.564675
1 50 494 0.563
1 50 495 0.5639
1 50 496 0.5654
1 50 497 0.565425
1 50 498 0.5652
1 50 499 0.5665
1 50 500 0.567575
1 50 501 0.5664
1 50 502 0.568225
1 50 503 0.566225
1 50 504 0.566175
1 50 505 0.565125
1 50 506 0.566075
1 50 507 0.5648
1 50 508 0.564125
1 50 509 0.5649
1 50 510 0.566725
1 50 511 0.564175
1 50 512 0.56515
1 50 513 0.56685
1 50 514 0.56575
1 50 515 0.566
1 50 516 0.5659
1 50 517 0.567225
1 50 518 0.568975
1 50 519 0.561375
1 50 520 0.569875
1 50 521 0.563675
1 50 522 0.563
1 50 523 0.563075
1 50 524 0.56395
1 50 525 0.567525
1 50 526 0.56345
1 50 527 0.562075
1 50 528 0.565475
1 50 529 0.560825
1 50 530 0.562525
1 50 531 0.56415
1 50 532 0.561775
1 50 533 0.5669
1 50 534 0.5681
1 50 535 0.5632
1 50 536 0.5652
1 50 537 0.566525
1 50 538 0.56185
1 50 539 0.5654
1 50 540 0.562375
1 50 541 0.56135
1 50 542 0.5631
1 50 543 0.563425
1 50 544 0.565875
1 50 545 0.565275
1 50 546 0.566375
1 50 547 0.563625
1 50 548 0.561475
1 50 549 0.562875
1 50 550 0.563075
1 50 551 0.56125
1 50 552 0.56205
1 50 553 0.5615
1 50 554 0.563625
1 50 555 0.5661
1 50 556 0.56155
1 50 557 0.56575
1 50 558 0.563075
1 50 559 0.56225
1 50 560 0.5611
1 50 561 0.5616
1 50 562 0.561575
1 50 563 0.5632
1 50 564 0.5591
1 50 565 0.565325
1 50 566 0.5622
1 50 567 0.5657
1 50 568 0.561525
1 50 569 0.566025
1 50 570 0.5618
1 50 571 0.564675
1 50 572 0.5657
1 50 573 0.5599
1 50 574 0.56335
1 50 575 0.5607
1 50 576 0.562725
1 50 577 0.56485
1 50 578 0.564375
1 50 579 0.56205
1 50 580 0.5657
1 50 581 0.560875
1 50 582 0.560675
1 50 583 0.561425
1 50 584 0.56095
1 50 585 0.563825
1 50 586 0.563175
1 50 587 0.560475
1 50 588 0.56235
1 50 589 0.564975
1 50 590 0.55845
1 50 591 0.560425
1 50 592 0.561175
1 50 593 0.56145
1 50 594 0.56065
1 50 595 0.559475
1 50 596 0.560925
1 50 597 0.564925
1 50 598 0.564125
1 50 599 0.560825
1 50 600 0.55945
1 50 601 0.562775
1 50 602 0.562925
1 50 603 0.563325
1 50 604 0.56265
1 50 605 0.560525
1 50 606 0.558875
1 50 607 0.5594
1 50 608 0.55765
1 50 609 0.56155
1 50 610 0.562025
1 50 611 0.558025
1 50 612 0.5612
1 50 613 0.561125
1 50 614 0.560775
1 50 615 0.559825
1 50 616 0.557775
1 50 617 0.561025
1 50 618 0.561725
1 50 619 0.56045
1 50 620 0.56475
1 50 621 0.5635
1 50 622 0.560525
1 50 623 0.5608
1 50 624 0.558475
1 50 625 0.56085
1 50 626 0.561975
1 50 627 0.5607
1 50 628 0.56075
1 50 629 0.56175
1 50 630 0.564125
1 50 631 0.55855
1 50 632 0.5632
1 50 633 0.5616
1 50 634 0.5592
1 50 635 0.5595
1 50 636 0.560325
1 50 637 0.556875
1 50 638 0.5625
1 50 639 0.560025
1 50 640 0.561575
1 50 641 0.56175
1 50 642 0.56135
1 50 643 0.557875
1 50 644 0.5598
1 50 645 0.562525
1 50 646 0.5626
1 50 647 0.56055
1 50 648 0.561675
1 50 649 0.5637
1 50 650 0.5597
1 50 651 0.564425
1 50 652 0.557575
1 50 653 0.56535
1 50 654 0.559375
1 50 655 0.559175
1 50 656 0.558825
1 50 657 0.56025
1 50 658 0.558375
1 50 659 0.559025
1 50 660 0.560375
1 50 661 0.5606
1 50 662 0.560375
1 50 663 0.561125
1 50 664 0.5594
1 50 665 0.5566
1 50 666 0.5601
1 50 667 0.557025
1 50 668 0.557275
1 50 669 0.55925
1 50 670 0.5613
1 50 671 0.55775
1 50 672 0.559675
1 50 673 0.5594
1 50 674 0.55765
1 50 675 0.55495
1 50 676 0.5609
1 50 677 0.558925
1 50 678 0.56155
1 50 679 0.55485
1 50 680 0.556175
1 50 681 0.5566
1 50 682 0.55755
1 50 683 0.5605
1 50 684 0.555325
1 50 685 0.557125
1 50 686 0.556875
1 50 687 0.560525
1 50 688 0.560325
1 50 689 0.556375
1 50 690 0.55895
1 50 691 0.560975
1 50 692 0.560675
1 50 693 0.55925
1 50 694 0.55465
1 50 695 0.5552
1 50 696 0.55615
1 50 697 0.55945
1 50 698 0.556825
1 50 699 0.557075
1 50 700 0.558975
1 50 701 0.55885
1 50 702 0.560075
1 50 703 0.556275
1 50 704 0.5578
1 50 705 0.558425
1 50 706 0.55845
1 50 707 0.557925
1 50 708 0.56215
1 50 709 0.557
1 50 710 0.5601
1 50 711 0.5581
1 50 712 0.554675
1 50 713 0.55825
1 50 714 0.557125
1 50 715 0.557575
1 50 716 0.5571
1 50 717 0.555475
1 50 718 0.55725
1 50 719 0.5583
1 50 720 0.55715
1 50 721 0.559275
1 50 722 0.556325
1 50 723 0.5586
1 50 724 0.558925
1 50 725 0.556475
1 50 726 0.555175
1 50 727 0.554875
1 50 728 0.555575
1 50 729 0.551825
1 50 730 0.554825
1 50 731 0.55355
1 50 732 0.55695
1 50 733 0.558925
1 50 734 0.5554
1 50 735 0.5582
1 50 736 0.552975
1 50 737 0.5549
1 50 738 0.56075
1 50 739 0.556175
1 50 740 0.55565
1 50 741 0.554725
1 50 742 0.558725
1 50 743 0.55715
1 50 744 0.557825
1 50 745 0.556375
1 50 746 0.5562
1 50 747 0.556875
1 50 748 0.556725
1 50 749 0.5597
1 50 750 0.558075
1 50 751 0.560925
1 50 752 0.554975
1 50 753 0.55635
1 50 754 0.554675
1 50 755 0.552
1 50 756 0.558525
1 50 757 0.556475
1 50 758 0.5563
1 50 759 0.5527
1 50 760 0.5531
1 50 761 0.558025
1 50 762 0.55135
1 50 763 0.558725
1 50 764 0.55605
1 50 765 0.555125
1 50 766 0.5556
1 50 767 0.552875
1 50 768 0.5584
1 50 769 0.554925
1 50 770 0.555675
1 50 771 0.55375
1 50 772 0.55415
1 50 773 0.55815
1 50 774 0.559775
1 50 775 0.5542
1 50 776 0.55565
1 50 777 0.553425
1 50 778 0.555125
1 50 779 0.551325
1 50 780 0.55465
1 50 781 0.554775
1 50 782 0.5552
1 50 783 0.555
1 50 784 0.552725
1 50 785 0.55295
1 50 786 0.554175
1 50 787 0.555575
1 50 788 0.553075
1 50 789 0.55375
1 50 790 0.554775
1 50 791 0.5551
1 50 792 0.5553
1 50 793 0.558975
1 50 794 0.554025
1 50 795 0.555525
1 50 796 0.55655
1 50 797 0.55475
1 50 798 0.55315
1 50 799 0.5539
1 50 800 0.5557
1 50 801 0.558
1 50 802 0.558625
1 50 803 0.551
1 50 804 0.5543
1 50 805 0.5551
1 50 806 0.55315
1 50 807 0.55735
1 50 808 0.55995
1 50 809 0.548875
1 50 810 0.552825
1 50 811 0.552125
1 50 812 0.554275
1 50 813 0.5518
1 50 814 0.5516
1 50 815 0.5507
1 50 816 0.550475
1 50 817 0.556075
1 50 818 0.55465
1 50 819 0.5513
1 50 820 0.556125
1 50 821 0.5515
1 50 822 0.555
1 50 823 0.552575
1 50 824 0.551225
1 50 825 0.551875
1 50 826 0.5538
1 50 827 0.5545
1 50 828 0.553875
1 50 829 0.55105
1 50 830 0.554875
1 50 831 0.5519
1 50 832 0.551125
1 50 833 0.551175
1 50 834 0.5529
1 50 835 0.55295
1 50 836 0.5524
1 50 837 0.549725
1 50 838 0.552325
1 50 839 0.554675
1 50 840 0.556675
1 50 841 0.551375
1 50 842 0.554375
1 50 843 0.5499
1 50 844 0.5543
1 50 845 0.5516
1 50 846 0.554475
1 50 847 0.5538
1 50 848 0.55345
1 50 849 0.554625
1 50 850 0.553375
1 50 851 0.55755
1 50 852 0.553625
1 50 853 0.55085
1 50 854 0.5514
1 50 855 0.551925
1 50 856 0.551
1 50 857 0.550875
1 50 858 0.5502
1 50 859 0.552575
1 50 860 0.55165
1 50 861 0.556475
1 50 862 0.554175
1 50 863 0.552975
1 50 864 0.553025
1 50 865 0.551225
1 50 866 0.554225
1 50 867 0.5527
1 50 868 0.55115
1 50 869 0.5539
1 50 870 0.554325
1 50 871 0.5522
1 50 872 0.548325
1 50 873 0.5499
1 50 874 0.554925
1 50 875 0.5542
1 50 876 0.553975
1 50 877 0.55515
1 50 878 0.551675
1 50 879 0.5496
1 50 880 0.550475
1 50 881 0.551375
1 50 882 0.5482
1 50 883 0.5525
1 50 884 0.549525
1 50 885 0.5528
1 50 886 0.550075
1 50 887 0.548475
1 50 888 0.551175
1 50 889 0.549625
1 50 890 0.550775
1 50 891 0.549575
1 50 892 0.553375
1 50 893 0.550175
1 50 894 0.55405
1 50 895 0.550775
1 50 896 0.552
1 50 897 0.55305
1 50 898 0.547675
1 50 899 0.550775
1 50 900 0.548325
1 50 901 0.5469
1 50 902 0.5505
1 50 903 0.550425
1 50 904 0.55105
1 50 905 0.549075
1 50 906 0.549425
1 50 907 0.550075
1 50 908 0.55165
1 50 909 0.549925
1 50 910 0.5488
1 50 911 0.5499
1 50 912 0.547325
1 50 913 0.5495
1 50 914 0.545125
1 50 915 0.549875
1 50 916 0.54905
1 50 917 0.55175
1 50 918 0.54785
1 50 919 0.549425
1 50 920 0.547575
1 50 921 0.550725
1 50 922 0.546275
1 50 923 0.552425
1 50 924 0.550775
1 50 925 0.548575
1 50 926 0.54835
1 50 927 0.54805
1 50 928 0.551875
1 50 929 0.544125
1 50 930 0.548
1 50 931 0.549
1 50 932 0.54795
1 50 933 0.548375
1 50 934 0.550175
1 50 935 0.548525
1 50 936 0.546175
1 50 937 0.549425
1 50 938 0.552175
1 50 939 0.549675
1 50 940 0.547975
1 50 941 0.5497
1 50 942 0.54895
1 50 943 0.548175
1 50 944 0.549025
1 50 945 0.54945
1 50 946 0.548625
1 50 947 0.552925
1 50 948 0.54655
1 50 949 0.547125
1 50 950 0.5487
1 50 951 0.551325
1 50 952 0.54815
1 50 953 0.549125
1 50 954 0.5521
1 50 955 0.547575
1 50 956 0.547175
1 50 957 0.54915
1 50 958 0.548075
1 50 959 0.5464
1 50 960 0.551125
1 50 961 0.547675
1 50 962 0.54395
1 50 963 0.55065
1 50 964 0.5514
1 50 965 0.55045
1 50 966 0.5458
1 50 967 0.549575
1 50 968 0.545225
1 50 969 0.546525
1 50 970 0.549875
1 50 971 0.5464
1 50 972 0.548075
1 50 973 0.54895
1 50 974 0.5487
1 50 975 0.54845
1 50 976 0.547325
1 50 977 0.5456
1 50 978 0.548975
1 50 979 0.552225
1 50 980 0.5494
1 50 981 0.549475
1 50 982 0.5459
1 50 983 0.546375
1 50 984 0.5459
1 50 985 0.545375
1 50 986 0.548625
1 50 987 0.546675
1 50 988 0.54615
1 50 989 0.5484
1 50 990 0.549625
1 50 991 0.545325
1 50 992 0.5453
1 50 993 0.545575
1 50 994 0.546375
1 50 995 0.5431
1 50 996 0.54615
1 50 997 0.54885
1 50 998 0.5464
1 50 999 0.548
1 50 1000 0.54595
1 50 1001 0.5461
2 50 1 0.4997
2 50 2 0.50895
2 50 3 0.5132
2 50 4 0.521275
2 50 5 0.529675
2 50 6 0.530925
2 50 7 0.53925
2 50 8 0.53505
2 50 9 0.53325
2 50 10 0.537525
2 50 11 0.5371
2 50 12 0.54055
2 50 13 0.54375
2 50 14 0.538475
2 50 15 0.547275
2 50 16 0.54195
2 50 17 0.5432
2 50 18 0.54915
2 50 19 0.5458
2 50 20 0.543975
2 50 21 0.547375
2 50 22 0.55165
2 50 23 0.55315
2 50 24 0.554675
2 50 25 0.55545
2 50 26 0.558125
2 50 27 0.5533
2 50 28 0.5562
2 50 29 0.5525
2 50 30 0.55745
2 50 31 0.554475
2 50 32 0.553575
2 50 33 0.5545
2 50 34 0.5598
2 50 35 0.560575
2 50 36 0.559025
2 50 37 0.5599
2 50 38 0.562425
2 50 39 0.558525
2 50 40 0.5605
2 50 41 0.558425
2 50 42 0.562425
2 50 43 0.56405
2 50 44 0.55915
2 50 45 0.5624
2 50 46 0.5613
2 50 47 0.561775
2 50 48 0.5659
2 50 49 0.564525
2 50 50 0.5629
2 50 51 0.56275
2 50 52 0.562525
2 50 53 0.56115
2 50 54 0.5622
2 50 55 0.55955
2 50 56 0.56215
2 50 57 0.56265
2 50 58 0.5628
2 50 59 0.559225
2 50 60 0.560075
2 50 61 0.5548
2 50 62 0.55625
2 50 63 0.55675
2 50 64 0.55895
2 50 65 0.5605
2 50 66 0.558975
2 50 67 0.5588
2 50 68 0.5573
2 50 69 0.55745
2 50 70 0.558275
2 50 71 0.558225
2 50 72 0.5565
2 50 73 0.5589
2 50 74 0.5584
2 50 75 0.55755
2 50 76 0.557625
2 50 77 0.5607
2 50 78 0.559325
2 50 79 0.5613
2 50 80 0.561825
2 50 81 0.5565
2 50 82 0.556725
2 50 83 0.5527
2 50 84 0.555975
2 50 85 0.553125
2 50 86 0.55705
2 50 87 0.554025
2 50 88 0.55045
2 50 89 0.556975
2 50 90 0.5563
2 50 91 0.55485
2 50 92 0.5602
2 50 93 0.557125
2 50 94 0.5587
2 50 95 0.558275
2 50 96 0.558525
2 50 97 0.55945
2 50 98 0.5639
2 50 99 0.563125
2 50 100 0.558675
2 50 101 0.566725
2 50 102 0.55935
2 50 103 0.560075
2 50 104 0.562175
2 50 105 0.560725
2 50 106 0.562875
2 50 107 0.558625
2 50 108 0.5629
2 50 109 0.557175
2 50 110 0.559925
2 50 111 0.560525
2 50 112 0.561975
2 50 113 0.561
2 50 114 0.5598
2 50 115 0.561
2 50 116 0.563275
2 50 117 0.563025
2 50 118 0.558175
2 50 119 0.561375
2 50 120 0.55925
2 50 121 0.561975
2 50 122 0.557025
2 50 123 0.56205
2 50 124 0.560775
2 50 125 0.5583
2 50 126 0.561875
2 50 127 0.564475
2 50 128 0.56125
2 50 129 0.564975
2 50 130 0.56465
2 50 131 0.5644
2 50 132 0.561375
2 50 133 0.561775
2 50 134 0.56465
2 50 135 0.565825
2 50 136 0.564725
2 50 137 0.5614
2 50 138 0.56315
2 50 139 0.56255
2 50 140 0.56495
2 50 141 0.565225
2 50 142 0.564
2 50 143 0.56335
2 50 144 0.563025
2 50 145 0.5635
2 50 146 0.56315
2 50 147 0.5665
2 50 148 0.56545
2 50 149 0.564925
2 50 150 0.56585
2 50 151 0.5648
2 50 152 0.565125
2 50 153 0.567425
2 50 154 0.5654
2 50 155 0.56185
2 50 156 0.5626
2 50 157 0.56545
2 50 158 0.56725
2 50 159 0.564575
2 50 160 0.56645
2 50 161 0.565475
2 50 162 0.5619
2 50 163 0.5663
2 50 164 0.5619
2 50 165 0.564325
2 50 166 0.56265
2 50 167 0.568475
2 50 168 0.56075
2 50 169 0.56705
2 50 170 0.565925
2 50 171 0.5606
2 50 172 0.56725
2 50 173 0.56275
2 50 174 0.560325
2 50 175 0.5599
2 50 176 0.560475
2 50 177 0.5641
2 50 178 0.55975
2 50 179 0.563475
2 50 180 0.56265
2 50 181 0.56315
2 50 182 0.565
2 50 183 0.562875
2 50 184 0.562425
2 50 185 0.56375
2 50 186 0.560525
2 50 187 0.56125
2 50 188 0.561825
2 50 189 0.559925
2 50 190 0.56295
2 50 191 0.563425
2 50 192 0.559375
2 50 193 0.5601
2 50 194 0.563725
2 50 195 0.558275
2 50 196 0.561275
2 50 197 0.559675
2 50 198 0.559975
2 50 199 0.55855
2 50 200 0.55645
2 50 201 0.56085
2 50 202 0.560275
2 50 203 0.559525
2 50 204 0.55975
2 50 205 0.560925
2 50 206 0.561
2 50 207 0.5569
2 50 208 0.558625
2 50 209 0.5609
2 50 210 0.563225
2 50 211 0.560425
2 50 212 0.55725
2 50 213 0.558925
2 50 214 0.5569
2 50 215 0.55905
2 50 216 0.559975
2 50 217 0.5564
2 50 218 0.557075
2 50 219 0.557825
2 50 220 0.5587
2 50 221 0.559575
2 50 222 0.560325
2 50 223 0.558925
2 50 224 0.5619
2 50 225 0.5623
2 50 226 0.559475
2 50 227 0.558725
2 50 228 0.560175
2 50 229 0.5575
2 50 230 0.559325
2 50 231 0.5644
2 50 232 0.559275
2 50 233 0.5643
2 50 234 0.559275
2 50 235 0.559875
2 50 236 0.5599
2 50 237 0.56045
2 50 238 0.559325
2 50 239 0.557875
2 50 240 0.55815
2 50 241 0.5562
2 50 242 0.557425
2 50 243 0.560075
2 50 244 0.5592
2 50 245 0.564175
2 50 246 0.5584
2 50 247 0.55915
2 50 248 0.5589
2 50 249 0.5624
2 50 250 0.561725
2 50 251 0.558025
2 50 252 0.56225
2 50 253 0.5617
2 50 254 0.5594
2 50 255 0.561675
2 50 256 0.561375
2 50 257 0.557975
2 50 258 0.56265
2 50 259 0.558325
2 50 260 0.559925
2 50 261 0.5589
2 50 262 0.56075
2 50 263 0.5602
2 50 264 0.559575
2 50 265 0.557875
2 50 266 0.559225
2 50 267 0.559575
2 50 268 0.56135
2 50 269 0.55825
2 50 270 0.557275
2 50 271 0.5594
2 50 272 0.561325
2 50 273 0.558825
2 50 274 0.5585
2 50 275 0.5594
2 50 276 0.56315
2 50 277 0.5577
2 50 278 0.5597
2 50 279 0.56015
2 50 280 0.556325
2 50 281 0.5591
2 50 282 0.5596
2 50 283 0.56135
2 50 284 0.558975
2 50 285 0.559975
2 50 286 0.55735
2 50 287 0.556425
2 50 288 0.557325
2 50 289 0.559875
2 50 290 0.556725
2 50 291 0.55515
2 50 292 0.55865
2 50 293 0.55565
2 50 294 0.55705
2 50 295 0.553225
2 50 296 0.5559
2 50 297 0.556275
2 50 298 0.559975
2 50 299 0.5618
2 50 300 0.55835
2 50 301 0.5578
2 50 302 0.56005
2 50 303 0.556975
2 50 304 0.55725
2 50 305 0.55355
2 50 306 0.558225
2 50 307 0.556175
2 50 308 0.556825
2 50 309 0.557675
2 50 310 0.558175
2 50 311 0.556375
2 50 312 0.554275
2 50 313 0.55965
2 50 314 0.555525
2 50 315 0.55955
2 50 316 0.555025
2 50 317 0.557725
2 50 318 0.555175
2 50 319 0.552
2 50 320 0.555475
2 50 321 0.55485
2 50 322 0.554
2 50 323 0.55875
2 50 324 0.552
2 50 325 0.5592
2 50 326 0.560725
2 50 327 0.5563
2 50 328 0.555775
2 50 329 0.55445
2 50 330 0.555275
2 50 331 0.5554
2 50 332 0.55475
2 50 333 0.55405
2 50 334 0.560825
2 50 335 0.553625
2 50 336 0.55595
2 50 337 0.5563
2 50 338 0.5575
2 50 339 0.55875
2 50 340 0.556825
2 50 341 0.556075
2 50 342 0.55785
2 50 343 0.554775
2 50 344 0.5556
2 50 345 0.558825
2 50 346 0.55595
2 50 347 0.55585
2 50 348 0.5561
2 50 349 0.5526
2 50 350 0.554
2 50 351 0.555475
2 50 352 0.55785
2 50 353 0.559375
2 50 354 0.557275
2 50 355 0.556775
2 50 356 0.5572
2 50 357 0.55715
2 50 358 0.5585
2 50 359 0.557925
2 50 360 0.5583
2 50 361 0.5583
2 50 362 0.561575
2 50 363 0.56095
2 50 364 0.55595
2 50 365 0.5596
2 50 366 0.5566
2 50 367 0.556475
2 50 368 0.557475
2 50 369 0.558225
2 50 370 0.557925
2 50 371 0.5595
2 50 372 0.559025
2 50 373 0.557825
2 50 374 0.555925
2 50 375 0.5602
2 50 376 0.5586
2 50 377 0.5566
2 50 378 0.5573
2 50 379 0.5562
2 50 380 0.555225
2 50 381 0.55865
2 50 382 0.55965
2 50 383 0.557225
2 50 384 0.55905
2 50 385 0.5588
2 50 386 0.55875
2 50 387 0.5581
2 50 388 0.559525
2 50 389 0.56115
2 50 390 0.559
2 50 391 0.5623
2 50 392 0.56165
2 50 393 0.5603
2 50 394 0.556675
2 50 395 0.560625
2 50 396 0.55795
2 50 397 0.558025
2 50 398 0.55945
2 50 399 0.55995
2 50 400 0.561975
2 50 401 0.562125
2 50 402 0.562475
2 50 403 0.5628
2 50 404 0.559675
2 50 405 0.557925
2 50 406 0.5591
2 50 407 0.5571
2 50 408 0.561475
2 50 409 0.563075
2 50 410 0.560725
2 50 411 0.5573
2 50 412 0.5613
2 50 413 0.561975
2 50 414 0.561875
2 50 415 0.562
2 50 416 0.5637
2 50 417 0.560175
2 50 418 0.56085
2 50 419 0.556175
2 50 420 0.560475
2 50 421 0.561775
2 50 422 0.560575
2 50 423 0.5591
2 50 424 0.56235
2 50 425 0.563
2 50 426 0.5622
2 50 427 0.56265
2 50 428 0.556775
2 50 429 0.563125
2 50 430 0.5635
2 50 431 0.562375
2 50 432 0.56335
2 50 433 0.563925
2 50 434 0.560325
2 50 435 0.560825
2 50 436 0.561025
2 50 437 0.5593
2 50 438 0.56205
2 50 439 0.5633
2 50 440 0.558875
2 50 441 0.562975
2 50 442 0.562775
2 50 443 0.559475
2 50 444 0.561875
2 50 445 0.558
2 50 446 0.563825
2 50 447 0.5605
2 50 448 0.562125
2 50 449 0.562675
2 50 450 0.5589
2 50 451 0.56115
2 50 452 0.559275
2 50 453 0.564075
2 50 454 0.564225
2 50 455 0.560525
2 50 456 0.5627
2 50 457 0.566475
2 50 458 0.561525
2 50 459 0.56445
2 50 460 0.566625
2 50 461 0.563625
2 50 462 0.564425
2 50 463 0.564725
2 50 464 0.563725
2 50 465 0.562025
2 50 466 0.56275
2 50 467 0.5651
2 50 468 0.56185
2 50 469 0.55905
2 50 470 0.559675
2 50 471 0.56325
2 50 472 0.566275
2 50 473 0.564375
2 50 474 0.564275
2 50 475 0.565025
2 50 476 0.566475
2 50 477 0.5646
2 50 478 0.5673
2 50 479 0.564975
2 50 480 0.563575
2 50 481 0.563775
2 50 482 0.56285
2 50 483 0.56215
2 50 484 0.56475
2 50 485 0.56455
2 50 486 0.564075
2 50 487 0.565425
2 50 488 0.562525
2 50 489 0.56235
2 50 490 0.56435
2 50 491 0.562225
2 50 492 0.56655
2 50 493 0.5662
2 50 494 0.56195
2 50 495 0.563475
2 50 496 0.565725
2 50 497 0.568975
2 50 498 0.56685
2 50 499 0.56435
2 50 500 0.5683
2 50 501 0.565675
2 50 502 0.5672
2 50 503 0.564
2 50 504 0.564725
2 50 505 0.564675
2 50 506 0.562375
2 50 507 0.565575
2 50 508 0.566225
2 50 509 0.5675
2 50 510 0.566475
2 50 511 0.56685
2 50 512 0.56295
2 50 513 0.566
2 50 514 0.56835
2 50 515 0.566725
2 50 516 0.566575
2 50 517 0.56535
2 50 518 0.561275
2 50 519 0.56345
2 50 520 0.56465
2 50 521 0.56405
2 50 522 0.561525
2 50 523 0.565775
2 50 524 0.562
2 50 525 0.56465
2 50 526 0.563625
2 50 527 0.563825
2 50 528 0.56665
2 50 529 0.565625
2 50 530 0.564575
2 50 531 0.563675
2 50 532 0.56765
2 50 533 0.56505
2 50 534 0.5644
2 50 535 0.566475
2 50 536 0.5613
2 50 537 0.562475
2 50 538 0.566425
2 50 539 0.566425
2 50 540 0.562875
2 50 541 0.562075
2 50 542 0.5633
2 50 543 0.56385
2 50 544 0.564775
2 50 545 0.560925
2 50 546 0.564425
2 50 547 0.5635
2 50 548 0.562775
2 50 549 0.562875
2 50 550 0.563725
2 50 551 0.56
2 50 552 0.563075
2 50 553 0.5637
2 50 554 0.563375
2 50 555 0.564975
2 50 556 0.565
2 50 557 0.561725
2 50 558 0.5649
2 50 559 0.5629
2 50 560 0.565525
2 50 561 0.5643
2 50 562 0.564325
2 50 563 0.56395
2 50 564 0.565225
2 50 565 0.561675
2 50 566 0.565825
2 50 567 0.5611
2 50 568 0.56425
2 50 569 0.562875
2 50 570 0.563575
2 50 571 0.558925
2 50 572 0.5655
2 50 573 0.5612
2 50 574 0.561525
2 50 575 0.559225
2 50 576 0.563325
2 50 577 0.560525
2 50 578 0.562425
2 50 579 0.562075
2 50 580 0.56435
2 50 581 0.565
2 50 582 0.5646
2 50 583 0.563425
2 50 584 0.561275
2 50 585 0.564775
2 50 586 0.562325
2 50 587 0.562825
2 50 588 0.564275
2 50 589 0.560425
2 50 590 0.560725
2 50 591 0.561675
2 50 592 0.560725
2 50 593 0.56035
2 50 594 0.5605
2 50 595 0.55905
2 50 596 0.561425
2 50 597 0.5618
2 50 598 0.559525
2 50 599 0.565575
2 50 600 0.56065
2 50 601 0.561575
2 50 602 0.561375
2 50 603 0.5647
2 50 604 0.5602
2 50 605 0.562825
2 50 606 0.562475
2 50 607 0.5619
2 50 608 0.5612
2 50 609 0.56405
2 50 610 0.560975
2 50 611 0.563275
2 50 612 0.5628
2 50 613 0.5598
2 50 614 0.55995
2 50 615 0.56235
2 50 616 0.558825
2 50 617 0.55985
2 50 618 0.5581
2 50 619 0.5594
2 50 620 0.561775
2 50 621 0.5616
2 50 622 0.5625
2 50 623 0.562825
2 50 624 0.561925
2 50 625 0.5606
2 50 626 0.5603
2 50 627 0.5603
2 50 628 0.561975
2 50 629 0.56145
2 50 630 0.561925
2 50 631 0.559925
2 50 632 0.556975
2 50 633 0.556675
2 50 634 0.56045
2 50 635 0.563125
2 50 636 0.563225
2 50 637 0.56
2 50 638 0.559275
2 50 639 0.560125
2 50 640 0.562675
2 50 641 0.5605
2 50 642 0.558
2 50 643 0.56125
2 50 644 0.5626
2 50 645 0.556275
2 50 646 0.557825
2 50 647 0.560625
2 50 648 0.56315
2 50 649 0.5606
2 50 650 0.560325
2 50 651 0.5575
2 50 652 0.558375
2 50 653 0.5575
2 50 654 0.558275
2 50 655 0.558275
2 50 656 0.561675
2 50 657 0.561675
2 50 658 0.559425
2 50 659 0.562625
2 50 660 0.556225
2 50 661 0.560725
2 50 662 0.559625
2 50 663 0.5572
2 50 664 0.55615
2 50 665 0.558725
2 50 666 0.56245
2 50 667 0.55995
2 50 668 0.5609
2 50 669 0.5591
2 50 670 0.56255
2 50 671 0.5618
2 50 672 0.55815
2 50 673 0.560575
2 50 674 0.55785
2 50 675 0.558725
2 50 676 0.557175
2 50 677 0.557275
2 50 678 0.556525
2 50 679 0.5584
2 50 680 0.5566
2 50 681 0.5574
2 50 682 0.555325
2 50 683 0.55915
2 50 684 0.558925
2 50 685 0.5559
2 50 686 0.5631
2 50 687 0.559725
2 50 688 0.55745
2 50 689 0.55835
2 50 690 0.560475
2 50 691 0.557975
2 50 692 0.562375
2 50 693 0.558725
2 50 694 0.557325
2 50 695 0.555525
2 50 696 0.561575
2 50 697 0.558725
2 50 698 0.56055
2 50 699 0.554475
2 50 700 0.5549
2 50 701 0.557575
2 50 702 0.55855
2 50 703 0.5578
2 50 704 0.557725
2 50 705 0.558325
2 50 706 0.5604
2 50 707 0.555375
2 50 708 0.558725
2 50 709 0.5591
2 50 710 0.559275
2 50 711 0.5569
2 50 712 0.5544
2 50 713 0.555875
2 50 714 0.556425
2 50 715 0.55715
2 50 716 0.5576
2 50 717 0.556475
2 50 718 0.5568
2 50 719 0.5581
2 50 720 0.560875
2 50 721 0.556075
2 50 722 0.556475
2 50 723 0.5568
2 50 724 0.5566
2 50 725 0.5576
2 50 726 0.55845
2 50 727 0.5562
2 50 728 0.554575
2 50 729 0.55355
2 50 730 0.55865
2 50 731 0.55455
2 50 732 0.55485
2 50 733 0.55895
2 50 734 0.55405
2 50 735 0.55685
2 50 736 0.5565
2 50 737 0.5566
2 50 738 0.557975
2 50 739 0.557675
2 50 740 0.55815
2 50 741 0.554075
2 50 742 0.552925
2 50 743 0.556775
2 50 744 0.557525
2 50 745 0.5567
2 50 746 0.55785
2 50 747 0.559025
2 50 748 0.553
2 50 749 0.560025
2 50 750 0.552775
2 50 751 0.55555
2 50 752 0.5563
2 50 753 0.557325
2 50 754 0.55555
2 50 755 0.55745
2 50 756 0.556175
2 50 757 0.555225
2 50 758 0.552825
2 50 759 0.554825
2 50 760 0.554125
2 50 761 0.556775
2 50 762 0.5539
2 50 763 0.5569
2 50 764 0.55525
2 50 765 0.5568
2 50 766 0.5552
2 50 767 0.553725
2 50 768 0.55215
2 50 769 0.55685
2 50 770 0.55595
2 50 771 0.556825
2 50 772 0.555475
2 50 773 0.555425
2 50 774 0.55635
2 50 775 0.55635
2 50 776 0.556925
2 50 777 0.556
2 50 778 0.553875
2 50 779 0.557425
2 50 780 0.5522
2 50 781 0.55515
2 50 782 0.554875
2 50 783 0.55645
2 50 784 0.556525
2 50 785 0.551375
2 50 786 0.551525
2 50 787 0.55485
2 50 788 0.55165
2 50 789 0.55165
2 50 790 0.5531
2 50 791 0.557675
2 50 792 0.55605
2 50 793 0.554775
2 50 794 0.557625
2 50 795 0.55385
2 50 796 0.55765
2 50 797 0.5578
2 50 798 0.555025
2 50 799 0.55845
2 50 800 0.55445
2 50 801 0.550825
2 50 802 0.555175
2 50 803 0.5557
2 50 804 0.552975
2 50 805 0.55625
2 50 806 0.553875
2 50 807 0.55455
2 50 808 0.552275
2 50 809 0.5546
2 50 810 0.55335
2 50 811 0.55505
2 50 812 0.55595
2 50 813 0.55275
2 50 814 0.5567
2 50 815 0.5604
2 50 816 0.553025
2 50 817 0.555775
2 50 818 0.5579
2 50 819 0.551975
2 50 820 0.5507
2 50 821 0.5514
2 50 822 0.553375
2 50 823 0.549625
2 50 824 0.55525
2 50 825 0.554
2 50 826 0.549625
2 50 827 0.554475
2 50 828 0.553025
2 50 829 0.553675
2 50 830 0.55295
2 50 831 0.5555
2 50 832 0.55155
2 50 833 0.5527
2 50 834 0.55225
2 50 835 0.5539
2 50 836 0.555475
2 50 837 0.5542
2 50 838 0.55295
2 50 839 0.550675
2 50 840 0.555725
2 50 841 0.5574
2 50 842 0.552175
2 50 843 0.55165
2 50 844 0.55345
2 50 845 0.555375
2 50 846 0.551525
2 50 847 0.551175
2 50 848 0.55325
2 50 849 0.552575
2 50 850 0.551725
2 50 851 0.55455
2 50 852 0.5545
2 50 853 0.549825
2 50 854 0.552025
2 50 855 0.554075
2 50 856 0.552725
2 50 857 0.55185
2 50 858 0.554425
2 50 859 0.549925
2 50 860 0.551425
2 50 861 0.551425
2 50 862 0.5496
2 50 863 0.5494
2 50 864 0.551725
2 50 865 0.551175
2 50 866 0.55135
2 50 867 0.552625
2 50 868 0.548575
2 50 869 0.547125
2 50 870 0.55335
2 50 871 0.550025
2 50 872 0.550875
2 50 873 0.549725
2 50 874 0.549325
2 50 875 0.5524
2 50 876 0.552025
2 50 877 0.552425
2 50 878 0.55165
2 50 879 0.555225
2 50 880 0.54965
2 50 881 0.547875
2 50 882 0.548525
2 50 883 0.5529
2 50 884 0.545425
2 50 885 0.5525
2 50 886 0.553125
2 50 887 0.550625
2 50 888 0.551225
2 50 889 0.55095
2 50 890 0.5495
2 50 891 0.55155
2 50 892 0.549
2 50 893 0.54935
2 50 894 0.553125
2 50 895 0.552175
2 50 896 0.549425
2 50 897 0.552375
2 50 898 0.5513
2 50 899 0.554
2 50 900 0.5498
2 50 901 0.555125
2 50 902 0.547725
2 50 903 0.5487
2 50 904 0.550025
2 50 905 0.550925
2 50 906 0.55
2 50 907 0.551525
2 50 908 0.54945
2 50 909 0.54915
2 50 910 0.55095
2 50 911 0.548925
2 50 912 0.547375
2 50 913 0.551825
2 50 914 0.5518
2 50 915 0.5484
2 50 916 0.54935
2 50 917 0.55105
2 50 918 0.5494
2 50 919 0.550425
2 50 920 0.547775
2 50 921 0.55005
2 50 922 0.551825
2 50 923 0.544775
2 50 924 0.548675
2 50 925 0.548475
2 50 926 0.5501
2 50 927 0.5479
2 50 928 0.551875
2 50 929 0.5482
2 50 930 0.549125
2 50 931 0.55045
2 50 932 0.546525
2 50 933 0.5488
2 50 934 0.5474
2 50 935 0.5473
2 50 936 0.548775
2 50 937 0.54955
2 50 938 0.54355
2 50 939 0.547675
2 50 940 0.54495
2 50 941 0.5475
2 50 942 0.5487
2 50 943 0.547425
2 50 944 0.54985
2 50 945 0.5486
2 50 946 0.548925
2 50 947 0.54785
2 50 948 0.55015
2 50 949 0.544225
2 50 950 0.550775
2 50 951 0.550225
2 50 952 0.548325
2 50 953 0.5487
2 50 954 0.54655
2 50 955 0.548175
2 50 956 0.551225
2 50 957 0.545575
2 50 958 0.54715
2 50 959 0.549525
2 50 960 0.5488
2 50 961 0.546875
2 50 962 0.54615
2 50 963 0.54705
2 50 964 0.54395
2 50 965 0.546675
2 50 966 0.547875
2 50 967 0.54795
2 50 968 0.54875
2 50 969 0.5454
2 50 970 0.549275
2 50 971 0.54915
2 50 972 0.54925
2 50 973 0.546925
2 50 974 0.5463
2 50 975 0.547375
2 50 976 0.549075
2 50 977 0.54955
2 50 978 0.54735
2 50 979 0.55
2 50 980 0.547175
2 50 981 0.54715
2 50 982 0.54565
2 50 983 0.5455
2 50 984 0.54565
2 50 985 0.546575
2 50 986 0.5452
2 50 987 0.5482
2 50 988 0.546275
2 50 989 0.5444
2 50 990 0.545375
2 50 991 0.550225
2 50 992 0.550925
2 50 993 0.5462
2 50 994 0.548025
2 50 995 0.547925
2 50 996 0.5468
2 50 997 0.54875
2 50 998 0.547425
2 50 999 0.544925
2 50 1000 0.546975
2 50 1001 0.5457
