1 600 1 0.503026
1 600 2 0.53465
1 600 3 0.5505
1 600 4 0.571325
1 600 5 0.57835
1 600 6 0.59055
1 600 7 0.596825
1 600 8 0.60335
1 600 9 0.613575
1 600 10 0.62055
1 600 11 0.618225
1 600 12 0.62635
1 600 13 0.627825
1 600 14 0.6298
1 600 15 0.633875
1 600 16 0.641225
1 600 17 0.646325
1 600 18 0.641525
1 600 19 0.644325
1 600 20 0.6496
1 600 21 0.65315
1 600 22 0.6474
1 600 23 0.655725
1 600 24 0.661875
1 600 25 0.663525
1 600 26 0.657475
1 600 27 0.6586
1 600 28 0.662475
1 600 29 0.66415
1 600 30 0.6591
1 600 31 0.658575
1 600 32 0.6546
1 600 33 0.653275
1 600 34 0.65835
1 600 35 0.6601
1 600 36 0.6641
1 600 37 0.66015
1 600 38 0.661125
1 600 39 0.665875
1 600 40 0.669325
1 600 41 0.6695
1 600 42 0.672975
1 600 43 0.668875
1 600 44 0.6693
1 600 45 0.667375
1 600 46 0.667375
1 600 47 0.675475
1 600 48 0.67535
1 600 49 0.6773
1 600 50 0.6786
1 600 51 0.675625
1 600 52 0.674175
1 600 53 0.677625
1 600 54 0.6745
1 600 55 0.674175
1 600 56 0.67395
1 600 57 0.67945
1 600 58 0.67965
1 600 59 0.68085
1 600 60 0.683325
1 600 61 0.676975
1 600 62 0.679075
1 600 63 0.6773
1 600 64 0.6781
1 600 65 0.67645
1 600 66 0.673225
1 600 67 0.66975
1 600 68 0.6742
1 600 69 0.6715
1 600 70 0.6685
1 600 71 0.66735
1 600 72 0.6713
1 600 73 0.66935
1 600 74 0.668125
1 600 75 0.66405
1 600 76 0.66995
1 600 77 0.665025
1 600 78 0.6686
1 600 79 0.66585
1 600 80 0.6655
1 600 81 0.665575
1 600 82 0.665575
1 600 83 0.664575
1 600 84 0.66515
1 600 85 0.668275
1 600 86 0.66665
1 600 87 0.6656
1 600 88 0.66685
1 600 89 0.6645
1 600 90 0.66625
1 600 91 0.668225
1 600 92 0.6719
1 600 93 0.67035
1 600 94 0.67435
1 600 95 0.674125
1 600 96 0.6743
1 600 97 0.683125
1 600 98 0.6798
1 600 99 0.68165
1 600 100 0.678925
1 600 101 0.678975
1 600 102 0.685125
1 600 103 0.682875
1 600 104 0.67805
1 600 105 0.68175
1 600 106 0.677875
1 600 107 0.681225
1 600 108 0.6817
1 600 109 0.67975
1 600 110 0.6783
1 600 111 0.6812
1 600 112 0.6792
1 600 113 0.680325
1 600 114 0.681425
1 600 115 0.678875
1 600 116 0.677325
1 600 117 0.67645
1 600 118 0.676925
1 600 119 0.67975
1 600 120 0.677875
1 600 121 0.6806
1 600 122 0.676325
1 600 123 0.67535
1 600 124 0.6764
1 600 125 0.678425
1 600 126 0.6787
1 600 127 0.67695
1 600 128 0.677425
1 600 129 0.677275
1 600 130 0.676375
1 600 131 0.679475
1 600 132 0.6785
1 600 133 0.6802
1 600 134 0.681625
1 600 135 0.680575
1 600 136 0.677175
1 600 137 0.6794
1 600 138 0.6806
1 600 139 0.68115
1 600 140 0.676
1 600 141 0.684825
1 600 142 0.681725
1 600 143 0.6867
1 600 144 0.687825
1 600 145 0.6838
1 600 146 0.68325
1 600 147 0.68445
1 600 148 0.68415
1 600 149 0.68375
1 600 150 0.6854
1 600 151 0.6858
1 600 152 0.68725
1 600 153 0.683975
1 600 154 0.685175
1 600 155 0.685175
1 600 156 0.685925
1 600 157 0.690925
1 600 158 0.6906
1 600 159 0.6884
1 600 160 0.6898
1 600 161 0.68515
1 600 162 0.68815
1 600 163 0.68805
1 600 164 0.688925
1 600 165 0.6888
1 600 166 0.686625
1 600 167 0.6864
1 600 168 0.692675
1 600 169 0.690725
1 600 170 0.686025
1 600 171 0.686075
1 600 172 0.68655
1 600 173 0.684475
1 600 174 0.684175
1 600 175 0.687675
1 600 176 0.684325
1 600 177 0.688125
1 600 178 0.685725
1 600 179 0.682175
1 600 180 0.6821
1 600 181 0.6831
1 600 182 0.68515
1 600 183 0.6874
1 600 184 0.683125
1 600 185 0.685525
1 600 186 0.682925
1 600 187 0.686675
1 600 188 0.6847
1 600 189 0.6821
1 600 190 0.681475
1 600 191 0.68065
1 600 192 0.67925
1 600 193 0.684075
1 600 194 0.686
1 600 195 0.68095
1 600 196 0.6827
1 600 197 0.6826
1 600 198 0.683075
1 600 199 0.6818
1 600 200 0.6822
1 600 201 0.68205
1 600 202 0.681175
1 600 203 0.682175
1 600 204 0.68235
1 600 205 0.68015
1 600 206 0.682525
1 600 207 0.6809
1 600 208 0.683225
1 600 209 0.68345
1 600 210 0.68275
1 600 211 0.68205
1 600 212 0.6797
1 600 213 0.679375
1 600 214 0.680575
1 600 215 0.680075
1 600 216 0.6802
1 600 217 0.679375
1 600 218 0.6811
1 600 219 0.6808
1 600 220 0.68425
1 600 221 0.682175
1 600 222 0.680225
1 600 223 0.68465
1 600 224 0.682125
1 600 225 0.68505
1 600 226 0.685125
1 600 227 0.679125
1 600 228 0.6816
1 600 229 0.683075
1 600 230 0.6836
1 600 231 0.68575
1 600 232 0.688225
1 600 233 0.6821
1 600 234 0.6804
1 600 235 0.68215
1 600 236 0.683975
1 600 237 0.684
1 600 238 0.6818
1 600 239 0.683075
1 600 240 0.682775
1 600 241 0.68545
1 600 242 0.68275
1 600 243 0.68665
1 600 244 0.684425
1 600 245 0.684175
1 600 246 0.68315
1 600 247 0.680875
1 600 248 0.6849
1 600 249 0.685125
1 600 250 0.6861
1 600 251 0.68645
1 600 252 0.68535
1 600 253 0.685775
1 600 254 0.683775
1 600 255 0.68575
1 600 256 0.6858
1 600 257 0.686
1 600 258 0.686675
1 600 259 0.684925
1 600 260 0.684975
1 600 261 0.677525
1 600 262 0.684275
1 600 263 0.683775
1 600 264 0.686725
1 600 265 0.68765
1 600 266 0.68155
1 600 267 0.685725
1 600 268 0.684575
1 600 269 0.684675
1 600 270 0.6879
1 600 271 0.68435
1 600 272 0.685475
1 600 273 0.685075
1 600 274 0.683975
1 600 275 0.68155
1 600 276 0.684775
1 600 277 0.68405
1 600 278 0.684725
1 600 279 0.68225
1 600 280 0.681725
1 600 281 0.6858
1 600 282 0.686775
1 600 283 0.6854
1 600 284 0.679825
1 600 285 0.6837
1 600 286 0.68295
1 600 287 0.68315
1 600 288 0.684175
1 600 289 0.67975
1 600 290 0.683975
1 600 291 0.6844
1 600 292 0.683975
1 600 293 0.685325
1 600 294 0.678975
1 600 295 0.68245
1 600 296 0.68335
1 600 297 0.68225
1 600 298 0.67945
1 600 299 0.681025
1 600 300 0.679775
1 600 301 0.684175
1 600 302 0.68175
1 600 303 0.68075
1 600 304 0.68365
1 600 305 0.6768
1 600 306 0.681525
1 600 307 0.67925
1 600 308 0.675725
1 600 309 0.679425
1 600 310 0.67505
1 600 311 0.676825
1 600 312 0.6736
1 600 313 0.678675
1 600 314 0.677175
1 600 315 0.673275
1 600 316 0.67565
1 600 317 0.674625
1 600 318 0.678
1 600 319 0.6735
1 600 320 0.6767
1 600 321 0.6717
1 600 322 0.674325
1 600 323 0.67015
1 600 324 0.670175
1 600 325 0.66955
1 600 326 0.6719
1 600 327 0.67295
1 600 328 0.669525
1 600 329 0.6744
1 600 330 0.6695
1 600 331 0.66575
1 600 332 0.67015
1 600 333 0.66385
1 600 334 0.67205
1 600 335 0.67205
1 600 336 0.6732
1 600 337 0.667875
1 600 338 0.669925
1 600 339 0.6691
1 600 340 0.670525
1 600 341 0.670925
1 600 342 0.66985
1 600 343 0.670025
1 600 344 0.668175
1 600 345 0.67075
1 600 346 0.67685
1 600 347 0.6723
1 600 348 0.67575
1 600 349 0.6762
1 600 350 0.6716
1 600 351 0.675025
1 600 352 0.6733
1 600 353 0.67435
1 600 354 0.6759
1 600 355 0.674875
1 600 356 0.6723
1 600 357 0.67385
1 600 358 0.67615
1 600 359 0.6738
1 600 360 0.6761
1 600 361 0.670075
1 600 362 0.675475
1 600 363 0.6747
1 600 364 0.6812
1 600 365 0.67795
1 600 366 0.671225
1 600 367 0.67525
1 600 368 0.6745
1 600 369 0.68105
1 600 370 0.678125
1 600 371 0.67835
1 600 372 0.679625
1 600 373 0.682675
1 600 374 0.67825
1 600 375 0.67925
1 600 376 0.67655
1 600 377 0.6789
1 600 378 0.680025
1 600 379 0.679375
1 600 380 0.682275
1 600 381 0.680225
1 600 382 0.678325
1 600 383 0.6831
1 600 384 0.6838
1 600 385 0.679575
1 600 386 0.6818
1 600 387 0.67485
1 600 388 0.6855
1 600 389 0.6815
1 600 390 0.685425
1 600 391 0.6823
1 600 392 0.680075
1 600 393 0.68235
1 600 394 0.67895
1 600 395 0.682175
1 600 396 0.6804
1 600 397 0.68165
1 600 398 0.68315
1 600 399 0.6848
1 600 400 0.682825
1 600 401 0.680425
1 600 402 0.6847
1 600 403 0.68195
1 600 404 0.68525
1 600 405 0.6821
1 600 406 0.68725
1 600 407 0.685775
1 600 408 0.683425
1 600 409 0.683325
1 600 410 0.6816
1 600 411 0.686725
1 600 412 0.687975
1 600 413 0.684025
1 600 414 0.683975
1 600 415 0.6859
1 600 416 0.686225
1 600 417 0.687825
1 600 418 0.686925
1 600 419 0.687225
1 600 420 0.688925
1 600 421 0.686425
1 600 422 0.689475
1 600 423 0.692
1 600 424 0.691525
1 600 425 0.68975
1 600 426 0.688525
1 600 427 0.688725
1 600 428 0.692825
1 600 429 0.689775
1 600 430 0.692225
1 600 431 0.689875
1 600 432 0.691925
1 600 433 0.6903
1 600 434 0.688825
1 600 435 0.688725
1 600 436 0.6933
1 600 437 0.693725
1 600 438 0.693475
1 600 439 0.69495
1 600 440 0.69335
1 600 441 0.6916
1 600 442 0.694
1 600 443 0.6929
1 600 444 0.6946
1 600 445 0.695725
1 600 446 0.693025
1 600 447 0.694225
1 600 448 0.6987
1 600 449 0.69435
1 600 450 0.697325
1 600 451 0.6947
1 600 452 0.699425
1 600 453 0.69975
1 600 454 0.69515
1 600 455 0.69755
1 600 456 0.696875
1 600 457 0.697525
1 600 458 0.698975
1 600 459 0.6991
1 600 460 0.702675
1 600 461 0.701025
1 600 462 0.699025
1 600 463 0.699375
1 600 464 0.69775
1 600 465 0.701375
1 600 466 0.69825
1 600 467 0.704275
1 600 468 0.699525
1 600 469 0.700825
1 600 470 0.69835
1 600 471 0.705075
1 600 472 0.701225
1 600 473 0.703025
1 600 474 0.703975
1 600 475 0.700475
1 600 476 0.702725
1 600 477 0.700625
1 600 478 0.701775
1 600 479 0.7036
1 600 480 0.705125
1 600 481 0.705575
1 600 482 0.707425
1 600 483 0.705275
1 600 484 0.705575
1 600 485 0.708625
1 600 486 0.701875
1 600 487 0.707625
1 600 488 0.709475
1 600 489 0.7085
1 600 490 0.707675
1 600 491 0.708525
1 600 492 0.70825
1 600 493 0.7078
1 600 494 0.70905
1 600 495 0.708375
1 600 496 0.7126
1 600 497 0.711575
1 600 498 0.713775
1 600 499 0.7132
1 600 500 0.710075
1 600 501 0.71435
1 600 502 0.71325
1 600 503 0.714525
1 600 504 0.70835
1 600 505 0.71445
1 600 506 0.71435
1 600 507 0.713325
1 600 508 0.711725
1 600 509 0.715
1 600 510 0.71055
1 600 511 0.714575
1 600 512 0.7151
1 600 513 0.713525
1 600 514 0.71535
1 600 515 0.7132
1 600 516 0.713625
1 600 517 0.713675
1 600 518 0.713475
1 600 519 0.7104
1 600 520 0.713375
1 600 521 0.71375
1 600 522 0.711575
1 600 523 0.714525
1 600 524 0.7115
1 600 525 0.709925
1 600 526 0.7133
1 600 527 0.713625
1 600 528 0.70975
1 600 529 0.71265
1 600 530 0.7116
1 600 531 0.711125
1 600 532 0.711525
1 600 533 0.71245
1 600 534 0.714
1 600 535 0.71435
1 600 536 0.713725
1 600 537 0.7135
1 600 538 0.710175
1 600 539 0.71
1 600 540 0.71355
1 600 541 0.712875
1 600 542 0.71045
1 600 543 0.71465
1 600 544 0.713025
1 600 545 0.711375
1 600 546 0.712925
1 600 547 0.713625
1 600 548 0.713225
1 600 549 0.711075
1 600 550 0.711925
1 600 551 0.7108
1 600 552 0.713775
1 600 553 0.7131
1 600 554 0.713175
1 600 555 0.7147
1 600 556 0.71215
1 600 557 0.713025
1 600 558 0.71635
1 600 559 0.7114
1 600 560 0.7129
1 600 561 0.713225
1 600 562 0.71105
1 600 563 0.714575
1 600 564 0.71155
1 600 565 0.715025
1 600 566 0.7139
1 600 567 0.71045
1 600 568 0.7166
1 600 569 0.714175
1 600 570 0.713475
1 600 571 0.71485
1 600 572 0.71395
1 600 573 0.712025
1 600 574 0.712525
1 600 575 0.71085
1 600 576 0.715275
1 600 577 0.712225
1 600 578 0.71605
1 600 579 0.714825
1 600 580 0.712625
1 600 581 0.712625
1 600 582 0.7147
1 600 583 0.711175
1 600 584 0.71255
1 600 585 0.71425
1 600 586 0.712875
1 600 587 0.712225
1 600 588 0.713425
1 600 589 0.713275
1 600 590 0.7136
1 600 591 0.713625
1 600 592 0.7147
1 600 593 0.714875
1 600 594 0.712925
1 600 595 0.714575
1 600 596 0.71425
1 600 597 0.712125
1 600 598 0.714575
1 600 599 0.7153
1 600 600 0.71365
1 600 601 0.7141
1 600 602 0.714775
1 600 603 0.7143
1 600 604 0.712275
1 600 605 0.713475
1 600 606 0.7142
1 600 607 0.709975
1 600 608 0.71175
1 600 609 0.715275
1 600 610 0.71265
1 600 611 0.713025
1 600 612 0.71295
1 600 613 0.710375
1 600 614 0.711025
1 600 615 0.71345
1 600 616 0.713925
1 600 617 0.7131
1 600 618 0.71235
1 600 619 0.70845
1 600 620 0.7106
1 600 621 0.712125
1 600 622 0.71325
1 600 623 0.710375
1 600 624 0.71055
1 600 625 0.70905
1 600 626 0.71175
1 600 627 0.70955
1 600 628 0.711975
1 600 629 0.707475
1 600 630 0.710475
1 600 631 0.707275
1 600 632 0.7079
1 600 633 0.71035
1 600 634 0.71065
1 600 635 0.707075
1 600 636 0.706675
1 600 637 0.707475
1 600 638 0.708875
1 600 639 0.708775
1 600 640 0.70775
1 600 641 0.70925
1 600 642 0.706925
1 600 643 0.70575
1 600 644 0.70665
1 600 645 0.707625
1 600 646 0.708725
1 600 647 0.708475
1 600 648 0.707175
1 600 649 0.709375
1 600 650 0.70225
1 600 651 0.70875
1 600 652 0.70695
1 600 653 0.708125
1 600 654 0.704825
1 600 655 0.707
1 600 656 0.70905
1 600 657 0.709325
1 600 658 0.7068
1 600 659 0.70485
1 600 660 0.70395
1 600 661 0.706025
1 600 662 0.707025
1 600 663 0.7047
1 600 664 0.705375
1 600 665 0.707725
1 600 666 0.702725
1 600 667 0.707125
1 600 668 0.705725
1 600 669 0.703175
1 600 670 0.70435
1 600 671 0.70485
1 600 672 0.700475
1 600 673 0.70435
1 600 674 0.702175
1 600 675 0.7041
1 600 676 0.702375
1 600 677 0.7025
1 600 678 0.70615
1 600 679 0.7008
1 600 680 0.702525
1 600 681 0.705275
1 600 682 0.704975
1 600 683 0.7058
1 600 684 0.70255
1 600 685 0.7015
1 600 686 0.700275
1 600 687 0.702575
1 600 688 0.70315
1 600 689 0.698275
1 600 690 0.703025
1 600 691 0.69945
1 600 692 0.702275
1 600 693 0.70455
1 600 694 0.702475
1 600 695 0.70355
1 600 696 0.701
1 600 697 0.7039
1 600 698 0.70015
1 600 699 0.6984
1 600 700 0.702025
1 600 701 0.70035
1 600 702 0.70365
1 600 703 0.702475
1 600 704 0.7026
1 600 705 0.702225
1 600 706 0.703075
1 600 707 0.7018
1 600 708 0.701275
1 600 709 0.702175
1 600 710 0.7027
1 600 711 0.698825
1 600 712 0.70135
1 600 713 0.699275
1 600 714 0.69685
1 600 715 0.7022
1 600 716 0.70005
1 600 717 0.700975
1 600 718 0.7019
1 600 719 0.697925
1 600 720 0.69975
1 600 721 0.700125
1 600 722 0.699675
1 600 723 0.702675
1 600 724 0.701125
1 600 725 0.696925
1 600 726 0.69895
1 600 727 0.698775
1 600 728 0.7016
1 600 729 0.69905
1 600 730 0.704
1 600 731 0.69665
1 600 732 0.6983
1 600 733 0.6959
1 600 734 0.696825
1 600 735 0.6996
1 600 736 0.695575
1 600 737 0.6972
1 600 738 0.6977
1 600 739 0.694775
1 600 740 0.69755
1 600 741 0.69605
1 600 742 0.6993
1 600 743 0.69715
1 600 744 0.70005
1 600 745 0.696875
1 600 746 0.697625
1 600 747 0.698775
1 600 748 0.699925
1 600 749 0.697675
1 600 750 0.69725
1 600 751 0.699925
1 600 752 0.69735
1 600 753 0.696925
1 600 754 0.69285
1 600 755 0.698375
1 600 756 0.693675
1 600 757 0.69745
1 600 758 0.7004
1 600 759 0.69665
1 600 760 0.694725
1 600 761 0.69535
1 600 762 0.696625
1 600 763 0.69725
1 600 764 0.697325
1 600 765 0.694375
1 600 766 0.697025
1 600 767 0.69815
1 600 768 0.700525
1 600 769 0.697425
1 600 770 0.693525
1 600 771 0.691275
1 600 772 0.69265
1 600 773 0.69685
1 600 774 0.695425
1 600 775 0.693925
1 600 776 0.696425
1 600 777 0.694675
1 600 778 0.697175
1 600 779 0.69435
1 600 780 0.695625
1 600 781 0.694675
1 600 782 0.693625
1 600 783 0.695625
1 600 784 0.694475
1 600 785 0.691975
1 600 786 0.693775
1 600 787 0.695875
1 600 788 0.6951
1 600 789 0.693125
1 600 790 0.691975
1 600 791 0.69635
1 600 792 0.69325
1 600 793 0.69115
1 600 794 0.69615
1 600 795 0.694325
1 600 796 0.69065
1 600 797 0.69265
1 600 798 0.6923
1 600 799 0.6943
1 600 800 0.69265
1 600 801 0.69635
1 600 802 0.6935
1 600 803 0.693625
1 600 804 0.6913
1 600 805 0.68935
1 600 806 0.69055
1 600 807 0.691275
1 600 808 0.6931
1 600 809 0.6942
1 600 810 0.694675
1 600 811 0.692375
1 600 812 0.69455
1 600 813 0.68985
1 600 814 0.693275
1 600 815 0.694875
1 600 816 0.6941
1 600 817 0.692625
1 600 818 0.691025
1 600 819 0.6893
1 600 820 0.6929
1 600 821 0.688275
1 600 822 0.69225
1 600 823 0.689475
1 600 824 0.693925
1 600 825 0.6899
1 600 826 0.69045
1 600 827 0.689475
1 600 828 0.687775
1 600 829 0.687925
1 600 830 0.687925
1 600 831 0.69035
1 600 832 0.693775
1 600 833 0.6912
1 600 834 0.690875
1 600 835 0.68825
1 600 836 0.68835
1 600 837 0.691225
1 600 838 0.69035
1 600 839 0.691
1 600 840 0.6893
1 600 841 0.69095
1 600 842 0.68855
1 600 843 0.688125
1 600 844 0.687975
1 600 845 0.688125
1 600 846 0.68825
1 600 847 0.687875
1 600 848 0.68825
1 600 849 0.686425
1 600 850 0.6887
1 600 851 0.684175
1 600 852 0.686975
1 600 853 0.688725
1 600 854 0.687375
1 600 855 0.688825
1 600 856 0.689125
1 600 857 0.69075
1 600 858 0.68995
1 600 859 0.6867
1 600 860 0.684675
1 600 861 0.68715
1 600 862 0.686025
1 600 863 0.68595
1 600 864 0.6866
1 600 865 0.6848
1 600 866 0.68605
1 600 867 0.68375
1 600 868 0.689
1 600 869 0.687525
1 600 870 0.6854
1 600 871 0.684225
1 600 872 0.687425
1 600 873 0.686675
1 600 874 0.68405
1 600 875 0.68395
1 600 876 0.6863
1 600 877 0.682325
1 600 878 0.683675
1 600 879 0.688425
1 600 880 0.683775
1 600 881 0.68555
1 600 882 0.6867
1 600 883 0.681825
1 600 884 0.68355
1 600 885 0.684375
1 600 886 0.68325
1 600 887 0.683025
1 600 888 0.6805
1 600 889 0.6836
1 600 890 0.6798
1 600 891 0.683525
1 600 892 0.6848
1 600 893 0.6815
1 600 894 0.683725
1 600 895 0.68195
1 600 896 0.6858
1 600 897 0.68305
1 600 898 0.6862
1 600 899 0.683325
1 600 900 0.686
1 600 901 0.68035
1 600 902 0.685125
1 600 903 0.68205
1 600 904 0.6805
1 600 905 0.67685
1 600 906 0.685
1 600 907 0.682825
1 600 908 0.680975
1 600 909 0.684775
1 600 910 0.6804
1 600 911 0.680175
1 600 912 0.68035
1 600 913 0.67955
1 600 914 0.6797
1 600 915 0.681675
1 600 916 0.68025
1 600 917 0.6793
1 600 918 0.676975
1 600 919 0.679925
1 600 920 0.6808
1 600 921 0.679375
1 600 922 0.675825
1 600 923 0.6809
1 600 924 0.6797
1 600 925 0.679025
1 600 926 0.678375
1 600 927 0.678975
1 600 928 0.67955
1 600 929 0.67765
1 600 930 0.67715
1 600 931 0.6758
1 600 932 0.678275
1 600 933 0.67945
1 600 934 0.676175
1 600 935 0.67555
1 600 936 0.674575
1 600 937 0.676725
1 600 938 0.679025
1 600 939 0.676725
1 600 940 0.67705
1 600 941 0.67725
1 600 942 0.67435
1 600 943 0.6763
1 600 944 0.6751
1 600 945 0.674525
1 600 946 0.6772
1 600 947 0.675725
1 600 948 0.678275
1 600 949 0.677925
1 600 950 0.675525
1 600 951 0.67515
1 600 952 0.67385
1 600 953 0.676
1 600 954 0.67425
1 600 955 0.674125
1 600 956 0.673575
1 600 957 0.6757
1 600 958 0.679075
1 600 959 0.675025
1 600 960 0.674325
1 600 961 0.67535
1 600 962 0.673725
1 600 963 0.671475
1 600 964 0.67125
1 600 965 0.673125
1 600 966 0.67005
1 600 967 0.6745
1 600 968 0.675
1 600 969 0.6734
1 600 970 0.67405
1 600 971 0.67415
1 600 972 0.672225
1 600 973 0.6749
1 600 974 0.674375
1 600 975 0.67105
1 600 976 0.675
1 600 977 0.668875
1 600 978 0.67195
1 600 979 0.67425
1 600 980 0.670675
1 600 981 0.672425
1 600 982 0.673525
1 600 983 0.6712
1 600 984 0.6727
1 600 985 0.67235
1 600 986 0.671075
1 600 987 0.67175
1 600 988 0.670775
1 600 989 0.670625
1 600 990 0.671525
1 600 991 0.6691
1 600 992 0.67295
1 600 993 0.672975
1 600 994 0.669725
1 600 995 0.6759
1 600 996 0.67175
1 600 997 0.669475
1 600 998 0.672825
1 600 999 0.67165
1 600 1000 0.670275
1 600 1001 0.67125
2 600 1 0.50165
2 600 2 0.5283
2 600 3 0.56025
2 600 4 0.570125
2 600 5 0.5812
2 600 6 0.59275
2 600 7 0.60155
2 600 8 0.604625
2 600 9 0.60615
2 600 10 0.619725
2 600 11 0.623275
2 600 12 0.623675
2 600 13 0.62925
2 600 14 0.63465
2 600 15 0.637225
2 600 16 0.64705
2 600 17 0.643825
2 600 18 0.639475
2 600 19 0.643225
2 600 20 0.6534
2 600 21 0.651
2 600 22 0.649425
2 600 23 0.65345
2 600 24 0.65685
2 600 25 0.6581
2 600 26 0.659
2 600 27 0.659
2 600 28 0.662225
2 600 29 0.6636
2 600 30 0.663125
2 600 31 0.659125
2 600 32 0.66175
2 600 33 0.653575
2 600 34 0.65825
2 600 35 0.65775
2 600 36 0.66085
2 600 37 0.6636
2 600 38 0.664375
2 600 39 0.663675
2 600 40 0.6724
2 600 41 0.6688
2 600 42 0.6704
2 600 43 0.669625
2 600 44 0.6694
2 600 45 0.66635
2 600 46 0.665175
2 600 47 0.676575
2 600 48 0.6752
2 600 49 0.675325
2 600 50 0.67765
2 600 51 0.6737
2 600 52 0.6708
2 600 53 0.67695
2 600 54 0.676875
2 600 55 0.6746
2 600 56 0.67795
2 600 57 0.67465
2 600 58 0.673975
2 600 59 0.6822
2 600 60 0.682125
2 600 61 0.679375
2 600 62 0.6743
2 600 63 0.6822
2 600 64 0.67605
2 600 65 0.669975
2 600 66 0.679125
2 600 67 0.673725
2 600 68 0.670125
2 600 69 0.6692
2 600 70 0.670575
2 600 71 0.670075
2 600 72 0.668875
2 600 73 0.664975
2 600 74 0.6693
2 600 75 0.667575
2 600 76 0.66255
2 600 77 0.66855
2 600 78 0.668325
2 600 79 0.662275
2 600 80 0.66505
2 600 81 0.6625
2 600 82 0.662875
2 600 83 0.665275
2 600 84 0.6631
2 600 85 0.665125
2 600 86 0.667875
2 600 87 0.6672
2 600 88 0.667575
2 600 89 0.670375
2 600 90 0.66565
2 600 91 0.66255
2 600 92 0.6697
2 600 93 0.6766
2 600 94 0.672625
2 600 95 0.676075
2 600 96 0.675225
2 600 97 0.673925
2 600 98 0.680375
2 600 99 0.682425
2 600 100 0.68225
2 600 101 0.681875
2 600 102 0.6824
2 600 103 0.68225
2 600 104 0.680925
2 600 105 0.68095
2 600 106 0.681575
2 600 107 0.67885
2 600 108 0.6781
2 600 109 0.6799
2 600 110 0.678325
2 600 111 0.679575
2 600 112 0.682775
2 600 113 0.682975
2 600 114 0.677925
2 600 115 0.6818
2 600 116 0.679575
2 600 117 0.6802
2 600 118 0.677475
2 600 119 0.678975
2 600 120 0.677925
2 600 121 0.6774
2 600 122 0.677625
2 600 123 0.675125
2 600 124 0.677825
2 600 125 0.67615
2 600 126 0.68
2 600 127 0.6804
2 600 128 0.677125
2 600 129 0.6806
2 600 130 0.679125
2 600 131 0.68185
2 600 132 0.681725
2 600 133 0.6823
2 600 134 0.68205
2 600 135 0.680075
2 600 136 0.681575
2 600 137 0.6846
2 600 138 0.6829
2 600 139 0.6797
2 600 140 0.6819
2 600 141 0.68585
2 600 142 0.683725
2 600 143 0.68265
2 600 144 0.682725
2 600 145 0.684175
2 600 146 0.68595
2 600 147 0.68425
2 600 148 0.684325
2 600 149 0.68535
2 600 150 0.685925
2 600 151 0.687625
2 600 152 0.68795
2 600 153 0.684375
2 600 154 0.683825
2 600 155 0.685575
2 600 156 0.682075
2 600 157 0.6866
2 600 158 0.6853
2 600 159 0.686425
2 600 160 0.690725
2 600 161 0.684875
2 600 162 0.689425
2 600 163 0.6897
2 600 164 0.687325
2 600 165 0.68805
2 600 166 0.6881
2 600 167 0.693425
2 600 168 0.690575
2 600 169 0.686625
2 600 170 0.68535
2 600 171 0.687725
2 600 172 0.68945
2 600 173 0.686925
2 600 174 0.68925
2 600 175 0.68805
2 600 176 0.687575
2 600 177 0.683775
2 600 178 0.689425
2 600 179 0.6866
2 600 180 0.68765
2 600 181 0.685025
2 600 182 0.6841
2 600 183 0.684425
2 600 184 0.682325
2 600 185 0.684575
2 600 186 0.6855
2 600 187 0.6815
2 600 188 0.6818
2 600 189 0.6827
2 600 190 0.682025
2 600 191 0.67955
2 600 192 0.683
2 600 193 0.6871
2 600 194 0.682925
2 600 195 0.68055
2 600 196 0.68265
2 600 197 0.676425
2 600 198 0.68085
2 600 199 0.680875
2 600 200 0.684175
2 600 201 0.682125
2 600 202 0.6773
2 600 203 0.680075
2 600 204 0.682125
2 600 205 0.681975
2 600 206 0.683825
2 600 207 0.6822
2 600 208 0.684275
2 600 209 0.68455
2 600 210 0.6799
2 600 211 0.681275
2 600 212 0.683275
2 600 213 0.678575
2 600 214 0.67905
2 600 215 0.6818
2 600 216 0.6805
2 600 217 0.682725
2 600 218 0.68305
2 600 219 0.6801
2 600 220 0.683475
2 600 221 0.685225
2 600 222 0.68505
2 600 223 0.68115
2 600 224 0.6833
2 600 225 0.679475
2 600 226 0.683975
2 600 227 0.683925
2 600 228 0.6819
2 600 229 0.680525
2 600 230 0.682925
2 600 231 0.6824
2 600 232 0.679575
2 600 233 0.68265
2 600 234 0.681775
2 600 235 0.68385
2 600 236 0.684875
2 600 237 0.68195
2 600 238 0.6817
2 600 239 0.681625
2 600 240 0.6844
2 600 241 0.684275
2 600 242 0.6876
2 600 243 0.680175
2 600 244 0.6831
2 600 245 0.6854
2 600 246 0.68195
2 600 247 0.685325
2 600 248 0.6844
2 600 249 0.682275
2 600 250 0.68465
2 600 251 0.688375
2 600 252 0.680925
2 600 253 0.6861
2 600 254 0.687175
2 600 255 0.6848
2 600 256 0.6843
2 600 257 0.682025
2 600 258 0.686425
2 600 259 0.687875
2 600 260 0.6877
2 600 261 0.68465
2 600 262 0.68365
2 600 263 0.686875
2 600 264 0.6858
2 600 265 0.6848
2 600 266 0.683425
2 600 267 0.68515
2 600 268 0.68655
2 600 269 0.686625
2 600 270 0.68945
2 600 271 0.68495
2 600 272 0.683775
2 600 273 0.684825
2 600 274 0.6841
2 600 275 0.6829
2 600 276 0.68385
2 600 277 0.683325
2 600 278 0.68515
2 600 279 0.68405
2 600 280 0.6867
2 600 281 0.6874
2 600 282 0.68035
2 600 283 0.679575
2 600 284 0.682825
2 600 285 0.684175
2 600 286 0.68635
2 600 287 0.684525
2 600 288 0.6832
2 600 289 0.684575
2 600 290 0.6872
2 600 291 0.68335
2 600 292 0.6814
2 600 293 0.6843
2 600 294 0.685
2 600 295 0.681825
2 600 296 0.683425
2 600 297 0.679
2 600 298 0.6804
2 600 299 0.684825
2 600 300 0.684275
2 600 301 0.682125
2 600 302 0.681475
2 600 303 0.6807
2 600 304 0.682175
2 600 305 0.677525
2 600 306 0.67665
2 600 307 0.67395
2 600 308 0.67675
2 600 309 0.677125
2 600 310 0.67625
2 600 311 0.67285
2 600 312 0.67615
2 600 313 0.675475
2 600 314 0.674925
2 600 315 0.67855
2 600 316 0.6702
2 600 317 0.6755
2 600 318 0.674
2 600 319 0.672775
2 600 320 0.670975
2 600 321 0.670225
2 600 322 0.669175
2 600 323 0.6735
2 600 324 0.672575
2 600 325 0.6749
2 600 326 0.670375
2 600 327 0.672875
2 600 328 0.671225
2 600 329 0.669925
2 600 330 0.6711
2 600 331 0.6675
2 600 332 0.669825
2 600 333 0.67155
2 600 334 0.67
2 600 335 0.671075
2 600 336 0.67145
2 600 337 0.67215
2 600 338 0.67155
2 600 339 0.668125
2 600 340 0.673025
2 600 341 0.671975
2 600 342 0.673725
2 600 343 0.674375
2 600 344 0.6703
2 600 345 0.668525
2 600 346 0.675075
2 600 347 0.67175
2 600 348 0.67165
2 600 349 0.676975
2 600 350 0.675175
2 600 351 0.673975
2 600 352 0.673175
2 600 353 0.671475
2 600 354 0.672175
2 600 355 0.674
2 600 356 0.6746
2 600 357 0.6781
2 600 358 0.675275
2 600 359 0.67255
2 600 360 0.6745
2 600 361 0.67475
2 600 362 0.675675
2 600 363 0.677675
2 600 364 0.67615
2 600 365 0.67415
2 600 366 0.675675
2 600 367 0.6749
2 600 368 0.6775
2 600 369 0.67825
2 600 370 0.677075
2 600 371 0.67615
2 600 372 0.675575
2 600 373 0.68095
2 600 374 0.6771
2 600 375 0.67935
2 600 376 0.67965
2 600 377 0.686875
2 600 378 0.678725
2 600 379 0.68135
2 600 380 0.6788
2 600 381 0.68195
2 600 382 0.68085
2 600 383 0.68145
2 600 384 0.6772
2 600 385 0.683125
2 600 386 0.680975
2 600 387 0.6799
2 600 388 0.683525
2 600 389 0.68125
2 600 390 0.680325
2 600 391 0.682
2 600 392 0.68065
2 600 393 0.68285
2 600 394 0.6835
2 600 395 0.681925
2 600 396 0.6811
2 600 397 0.68775
2 600 398 0.683
2 600 399 0.686075
2 600 400 0.684575
2 600 401 0.68695
2 600 402 0.686675
2 600 403 0.6844
2 600 404 0.687175
2 600 405 0.6875
2 600 406 0.683875
2 600 407 0.686175
2 600 408 0.6807
2 600 409 0.68635
2 600 410 0.68345
2 600 411 0.686875
2 600 412 0.687125
2 600 413 0.684375
2 600 414 0.68535
2 600 415 0.68795
2 600 416 0.687625
2 600 417 0.69255
2 600 418 0.6877
2 600 419 0.69055
2 600 420 0.689075
2 600 421 0.6877
2 600 422 0.6872
2 600 423 0.68625
2 600 424 0.68705
2 600 425 0.690475
2 600 426 0.69
2 600 427 0.69375
2 600 428 0.68885
2 600 429 0.6886
2 600 430 0.685925
2 600 431 0.68785
2 600 432 0.68945
2 600 433 0.690275
2 600 434 0.69125
2 600 435 0.6911
2 600 436 0.690125
2 600 437 0.691525
2 600 438 0.692325
2 600 439 0.693125
2 600 440 0.691725
2 600 441 0.6963
2 600 442 0.696075
2 600 443 0.696025
2 600 444 0.6953
2 600 445 0.69695
2 600 446 0.69615
2 600 447 0.695075
2 600 448 0.693225
2 600 449 0.694475
2 600 450 0.69395
2 600 451 0.695175
2 600 452 0.700625
2 600 453 0.6978
2 600 454 0.698275
2 600 455 0.698175
2 600 456 0.70005
2 600 457 0.69495
2 600 458 0.69765
2 600 459 0.7
2 600 460 0.697275
2 600 461 0.69995
2 600 462 0.698375
2 600 463 0.6969
2 600 464 0.698875
2 600 465 0.7023
2 600 466 0.6982
2 600 467 0.70165
2 600 468 0.700625
2 600 469 0.7013
2 600 470 0.70115
2 600 471 0.7056
2 600 472 0.70155
2 600 473 0.70025
2 600 474 0.70305
2 600 475 0.703475
2 600 476 0.7049
2 600 477 0.704875
2 600 478 0.70845
2 600 479 0.7025
2 600 480 0.7043
2 600 481 0.706175
2 600 482 0.70635
2 600 483 0.705125
2 600 484 0.70385
2 600 485 0.704175
2 600 486 0.70475
2 600 487 0.7062
2 600 488 0.7065
2 600 489 0.70595
2 600 490 0.711375
2 600 491 0.710125
2 600 492 0.70925
2 600 493 0.706775
2 600 494 0.710125
2 600 495 0.7094
2 600 496 0.710075
2 600 497 0.710775
2 600 498 0.70935
2 600 499 0.711
2 600 500 0.712075
2 600 501 0.708025
2 600 502 0.7127
2 600 503 0.71175
2 600 504 0.71205
2 600 505 0.71355
2 600 506 0.710725
2 600 507 0.712375
2 600 508 0.711775
2 600 509 0.7111
2 600 510 0.71135
2 600 511 0.71065
2 600 512 0.7135
2 600 513 0.715325
2 600 514 0.715125
2 600 515 0.709975
2 600 516 0.715175
2 600 517 0.711575
2 600 518 0.71245
2 600 519 0.711625
2 600 520 0.7131
2 600 521 0.711325
2 600 522 0.713775
2 600 523 0.71145
2 600 524 0.7126
2 600 525 0.713075
2 600 526 0.7105
2 600 527 0.715975
2 600 528 0.7154
2 600 529 0.71295
2 600 530 0.711
2 600 531 0.7093
2 600 532 0.7136
2 600 533 0.7136
2 600 534 0.7141
2 600 535 0.7093
2 600 536 0.712325
2 600 537 0.711475
2 600 538 0.71245
2 600 539 0.71005
2 600 540 0.711925
2 600 541 0.7142
2 600 542 0.713975
2 600 543 0.710575
2 600 544 0.71005
2 600 545 0.714375
2 600 546 0.71225
2 600 547 0.71165
2 600 548 0.709975
2 600 549 0.711825
2 600 550 0.709425
2 600 551 0.714425
2 600 552 0.713925
2 600 553 0.71175
2 600 554 0.71405
2 600 555 0.711675
2 600 556 0.710075
2 600 557 0.712725
2 600 558 0.71535
2 600 559 0.7137
2 600 560 0.7113
2 600 561 0.711275
2 600 562 0.71355
2 600 563 0.71045
2 600 564 0.7136
2 600 565 0.71105
2 600 566 0.7162
2 600 567 0.712475
2 600 568 0.71245
2 600 569 0.710125
2 600 570 0.714425
2 600 571 0.71305
2 600 572 0.71385
2 600 573 0.7132
2 600 574 0.711325
2 600 575 0.708825
2 600 576 0.712725
2 600 577 0.7116
2 600 578 0.712525
2 600 579 0.715525
2 600 580 0.713625
2 600 581 0.709
2 600 582 0.712275
2 600 583 0.714525
2 600 584 0.716775
2 600 585 0.714725
2 600 586 0.712525
2 600 587 0.71165
2 600 588 0.71165
2 600 589 0.713425
2 600 590 0.71035
2 600 591 0.71355
2 600 592 0.71545
2 600 593 0.712925
2 600 594 0.711425
2 600 595 0.714975
2 600 596 0.71255
2 600 597 0.71285
2 600 598 0.7127
2 600 599 0.713125
2 600 600 0.71565
2 600 601 0.713025
2 600 602 0.71255
2 600 603 0.711775
2 600 604 0.713625
2 600 605 0.710625
2 600 606 0.715275
2 600 607 0.712025
2 600 608 0.713675
2 600 609 0.7167
2 600 610 0.710225
2 600 611 0.71085
2 600 612 0.710525
2 600 613 0.708025
2 600 614 0.710275
2 600 615 0.7125
2 600 616 0.7107
2 600 617 0.710125
2 600 618 0.710925
2 600 619 0.7135
2 600 620 0.711775
2 600 621 0.709175
2 600 622 0.71235
2 600 623 0.7094
2 600 624 0.71065
2 600 625 0.71015
2 600 626 0.71105
2 600 627 0.709675
2 600 628 0.7097
2 600 629 0.709175
2 600 630 0.711525
2 600 631 0.708625
2 600 632 0.70975
2 600 633 0.71155
2 600 634 0.7078
2 600 635 0.706225
2 600 636 0.70645
2 600 637 0.708325
2 600 638 0.71005
2 600 639 0.709225
2 600 640 0.7085
2 600 641 0.707
2 600 642 0.709175
2 600 643 0.708375
2 600 644 0.70835
2 600 645 0.70775
2 600 646 0.707825
2 600 647 0.70975
2 600 648 0.703425
2 600 649 0.704175
2 600 650 0.704775
2 600 651 0.705775
2 600 652 0.708025
2 600 653 0.705925
2 600 654 0.704125
2 600 655 0.708125
2 600 656 0.707625
2 600 657 0.708425
2 600 658 0.701725
2 600 659 0.707425
2 600 660 0.7051
2 600 661 0.706525
2 600 662 0.703625
2 600 663 0.70605
2 600 664 0.7036
2 600 665 0.706575
2 600 666 0.70465
2 600 667 0.707375
2 600 668 0.7041
2 600 669 0.70845
2 600 670 0.7076
2 600 671 0.707025
2 600 672 0.70575
2 600 673 0.7032
2 600 674 0.707525
2 600 675 0.703125
2 600 676 0.705225
2 600 677 0.70525
2 600 678 0.7043
2 600 679 0.7039
2 600 680 0.7032
2 600 681 0.70325
2 600 682 0.707875
2 600 683 0.7004
2 600 684 0.706325
2 600 685 0.702125
2 600 686 0.703775
2 600 687 0.703625
2 600 688 0.70445
2 600 689 0.702825
2 600 690 0.701975
2 600 691 0.700425
2 600 692 0.70385
2 600 693 0.70085
2 600 694 0.70395
2 600 695 0.7034
2 600 696 0.69895
2 600 697 0.706075
2 600 698 0.7006
2 600 699 0.703275
2 600 700 0.7004
2 600 701 0.70295
2 600 702 0.6993
2 600 703 0.703875
2 600 704 0.70135
2 600 705 0.7045
2 600 706 0.702375
2 600 707 0.70285
2 600 708 0.701625
2 600 709 0.70075
2 600 710 0.700475
2 600 711 0.701625
2 600 712 0.702125
2 600 713 0.700325
2 600 714 0.69865
2 600 715 0.700025
2 600 716 0.696525
2 600 717 0.697175
2 600 718 0.7012
2 600 719 0.700275
2 600 720 0.697825
2 600 721 0.70225
2 600 722 0.7018
2 600 723 0.698475
2 600 724 0.701675
2 600 725 0.6979
2 600 726 0.6972
2 600 727 0.698375
2 600 728 0.69755
2 600 729 0.698475
2 600 730 0.697425
2 600 731 0.696875
2 600 732 0.6968
2 600 733 0.70195
2 600 734 0.699375
2 600 735 0.699675
2 600 736 0.69845
2 600 737 0.696575
2 600 738 0.697825
2 600 739 0.698775
2 600 740 0.69575
2 600 741 0.699725
2 600 742 0.6996
2 600 743 0.69515
2 600 744 0.699125
2 600 745 0.6985
2 600 746 0.700025
2 600 747 0.696125
2 600 748 0.69915
2 600 749 0.698525
2 600 750 0.699525
2 600 751 0.69825
2 600 752 0.6984
2 600 753 0.6963
2 600 754 0.700875
2 600 755 0.694875
2 600 756 0.697925
2 600 757 0.69865
2 600 758 0.69735
2 600 759 0.6987
2 600 760 0.696975
2 600 761 0.693175
2 600 762 0.697525
2 600 763 0.697875
2 600 764 0.70015
2 600 765 0.6965
2 600 766 0.6958
2 600 767 0.69915
2 600 768 0.69725
2 600 769 0.696675
2 600 770 0.69495
2 600 771 0.6932
2 600 772 0.698
2 600 773 0.69345
2 600 774 0.694875
2 600 775 0.69585
2 600 776 0.69325
2 600 777 0.693675
2 600 778 0.698225
2 600 779 0.69585
2 600 780 0.694725
2 600 781 0.6927
2 600 782 0.6974
2 600 783 0.695375
2 600 784 0.69455
2 600 785 0.694875
2 600 786 0.696375
2 600 787 0.692725
2 600 788 0.6938
2 600 789 0.69475
2 600 790 0.6944
2 600 791 0.694575
2 600 792 0.695025
2 600 793 0.695275
2 600 794 0.6955
2 600 795 0.69285
2 600 796 0.694925
2 600 797 0.6916
2 600 798 0.6939
2 600 799 0.695325
2 600 800 0.6919
2 600 801 0.6915
2 600 802 0.689525
2 600 803 0.6945
2 600 804 0.694625
2 600 805 0.6936
2 600 806 0.691925
2 600 807 0.695075
2 600 808 0.697225
2 600 809 0.691475
2 600 810 0.6942
2 600 811 0.69485
2 600 812 0.690925
2 600 813 0.691525
2 600 814 0.69255
2 600 815 0.6927
2 600 816 0.690075
2 600 817 0.696075
2 600 818 0.68985
2 600 819 0.69155
2 600 820 0.69295
2 600 821 0.692425
2 600 822 0.693275
2 600 823 0.693125
2 600 824 0.69515
2 600 825 0.6966
2 600 826 0.6901
2 600 827 0.69155
2 600 828 0.6936
2 600 829 0.69215
2 600 830 0.6911
2 600 831 0.688975
2 600 832 0.691575
2 600 833 0.6889
2 600 834 0.69075
2 600 835 0.688875
2 600 836 0.690525
2 600 837 0.6886
2 600 838 0.689875
2 600 839 0.688725
2 600 840 0.6932
2 600 841 0.689825
2 600 842 0.690275
2 600 843 0.685675
2 600 844 0.690575
2 600 845 0.68865
2 600 846 0.688475
2 600 847 0.6895
2 600 848 0.689025
2 600 849 0.687425
2 600 850 0.687125
2 600 851 0.688175
2 600 852 0.6861
2 600 853 0.687975
2 600 854 0.6877
2 600 855 0.687675
2 600 856 0.68945
2 600 857 0.6885
2 600 858 0.689275
2 600 859 0.6886
2 600 860 0.6895
2 600 861 0.6866
2 600 862 0.68745
2 600 863 0.68535
2 600 864 0.6849
2 600 865 0.683475
2 600 866 0.686525
2 600 867 0.684
2 600 868 0.688275
2 600 869 0.688525
2 600 870 0.687525
2 600 871 0.686475
2 600 872 0.6838
2 600 873 0.687525
2 600 874 0.68695
2 600 875 0.6845
2 600 876 0.68595
2 600 877 0.68465
2 600 878 0.68355
2 600 879 0.6844
2 600 880 0.686625
2 600 881 0.685375
2 600 882 0.684325
2 600 883 0.6818
2 600 884 0.684625
2 600 885 0.686875
2 600 886 0.6857
2 600 887 0.681925
2 600 888 0.685025
2 600 889 0.68435
2 600 890 0.6844
2 600 891 0.6863
2 600 892 0.680675
2 600 893 0.681825
2 600 894 0.68095
2 600 895 0.681125
2 600 896 0.68265
2 600 897 0.682025
2 600 898 0.6797
2 600 899 0.679575
2 600 900 0.679125
2 600 901 0.68665
2 600 902 0.681625
2 600 903 0.685525
2 600 904 0.6798
2 600 905 0.682825
2 600 906 0.6825
2 600 907 0.68175
2 600 908 0.68065
2 600 909 0.68385
2 600 910 0.683825
2 600 911 0.67815
2 600 912 0.682075
2 600 913 0.68235
2 600 914 0.684075
2 600 915 0.685225
2 600 916 0.67765
2 600 917 0.6782
2 600 918 0.683125
2 600 919 0.68175
2 600 920 0.682675
2 600 921 0.6797
2 600 922 0.68275
2 600 923 0.679825
2 600 924 0.678075
2 600 925 0.681725
2 600 926 0.681175
2 600 927 0.6777
2 600 928 0.679825
2 600 929 0.67855
2 600 930 0.678
2 600 931 0.677875
2 600 932 0.6773
2 600 933 0.676525
2 600 934 0.678525
2 600 935 0.676975
2 600 936 0.678175
2 600 937 0.675675
2 600 938 0.6782
2 600 939 0.676825
2 600 940 0.67805
2 600 941 0.6772
2 600 942 0.67885
2 600 943 0.6767
2 600 944 0.6768
2 600 945 0.673625
2 600 946 0.678575
2 600 947 0.67505
2 600 948 0.676775
2 600 949 0.676375
2 600 950 0.672125
2 600 951 0.675175
2 600 952 0.673
2 600 953 0.6748
2 600 954 0.673775
2 600 955 0.6739
2 600 956 0.674775
2 600 957 0.67235
2 600 958 0.6764
2 600 959 0.676175
2 600 960 0.670525
2 600 961 0.669875
2 600 962 0.67475
2 600 963 0.674375
2 600 964 0.677175
2 600 965 0.6719
2 600 966 0.672175
2 600 967 0.6699
2 600 968 0.6729
2 600 969 0.672125
2 600 970 0.6741
2 600 971 0.67385
2 600 972 0.672975
2 600 973 0.671775
2 600 974 0.672125
2 600 975 0.6737
2 600 976 0.6727
2 600 977 0.671575
2 600 978 0.673875
2 600 979 0.67305
2 600 980 0.672375
2 600 981 0.6715
2 600 982 0.671475
2 600 983 0.670775
2 600 984 0.673775
2 600 985 0.670775
2 600 986 0.673925
2 600 987 0.66845
2 600 988 0.67145
2 600 989 0.66845
2 600 990 0.672625
2 600 991 0.672625
2 600 992 0.6726
2 600 993 0.672125
2 600 994 0.67055
2 600 995 0.670925
2 600 996 0.668175
2 600 997 0.6714
2 600 998 0.667375
2 600 999 0.6727
2 600 1000 0.67325
2 600 1001 0.670925
