1 700 1 0.50359
1 700 2 0.52925
1 700 3 0.552625
1 700 4 0.576025
1 700 5 0.581675
1 700 6 0.59135
1 700 7 0.59985
1 700 8 0.6084
1 700 9 0.6178
1 700 10 0.620975
1 700 11 0.62655
1 700 12 0.6261
1 700 13 0.63525
1 700 14 0.63345
1 700 15 0.638075
1 700 16 0.642025
1 700 17 0.640075
1 700 18 0.648575
1 700 19 0.651675
1 700 20 0.6541
1 700 21 0.65205
1 700 22 0.650775
1 700 23 0.6573
1 700 24 0.662125
1 700 25 0.66305
1 700 26 0.662025
1 700 27 0.664725
1 700 28 0.668325
1 700 29 0.669475
1 700 30 0.663575
1 700 31 0.6636
1 700 32 0.66845
1 700 33 0.6638
1 700 34 0.671675
1 700 35 0.671975
1 700 36 0.6731
1 700 37 0.678125
1 700 38 0.672375
1 700 39 0.672275
1 700 40 0.67165
1 700 41 0.66815
1 700 42 0.6687
1 700 43 0.666075
1 700 44 0.66545
1 700 45 0.67625
1 700 46 0.676725
1 700 47 0.679175
1 700 48 0.682425
1 700 49 0.6807
1 700 50 0.680975
1 700 51 0.682825
1 700 52 0.67685
1 700 53 0.6772
1 700 54 0.6784
1 700 55 0.6838
1 700 56 0.686925
1 700 57 0.685925
1 700 58 0.693125
1 700 59 0.6924
1 700 60 0.686275
1 700 61 0.683375
1 700 62 0.685175
1 700 63 0.687425
1 700 64 0.6813
1 700 65 0.679975
1 700 66 0.6802
1 700 67 0.67595
1 700 68 0.681325
1 700 69 0.676475
1 700 70 0.67405
1 700 71 0.6801
1 700 72 0.6787
1 700 73 0.677075
1 700 74 0.674575
1 700 75 0.679975
1 700 76 0.676325
1 700 77 0.679025
1 700 78 0.675175
1 700 79 0.6741
1 700 80 0.668175
1 700 81 0.6651
1 700 82 0.664175
1 700 83 0.66205
1 700 84 0.6683
1 700 85 0.668025
1 700 86 0.663925
1 700 87 0.670075
1 700 88 0.6705
1 700 89 0.667675
1 700 90 0.674225
1 700 91 0.66795
1 700 92 0.673175
1 700 93 0.675875
1 700 94 0.6806
1 700 95 0.680475
1 700 96 0.679175
1 700 97 0.680625
1 700 98 0.68595
1 700 99 0.6873
1 700 100 0.68735
1 700 101 0.6931
1 700 102 0.6899
1 700 103 0.69065
1 700 104 0.691675
1 700 105 0.693275
1 700 106 0.692225
1 700 107 0.695775
1 700 108 0.692275
1 700 109 0.692225
1 700 110 0.690875
1 700 111 0.694025
1 700 112 0.692575
1 700 113 0.69355
1 700 114 0.688825
1 700 115 0.692375
1 700 116 0.68985
1 700 117 0.694475
1 700 118 0.697
1 700 119 0.695
1 700 120 0.68995
1 700 121 0.692825
1 700 122 0.69335
1 700 123 0.690725
1 700 124 0.688925
1 700 125 0.6916
1 700 126 0.69395
1 700 127 0.694375
1 700 128 0.69635
1 700 129 0.6946
1 700 130 0.6926
1 700 131 0.69505
1 700 132 0.6945
1 700 133 0.695425
1 700 134 0.69735
1 700 135 0.69925
1 700 136 0.69675
1 700 137 0.694425
1 700 138 0.697325
1 700 139 0.697175
1 700 140 0.695875
1 700 141 0.69395
1 700 142 0.6956
1 700 143 0.697675
1 700 144 0.694
1 700 145 0.693625
1 700 146 0.695725
1 700 147 0.696275
1 700 148 0.69695
1 700 149 0.695925
1 700 150 0.695425
1 700 151 0.694425
1 700 152 0.69485
1 700 153 0.696475
1 700 154 0.696075
1 700 155 0.694975
1 700 156 0.6969
1 700 157 0.695075
1 700 158 0.698
1 700 159 0.6948
1 700 160 0.6959
1 700 161 0.695
1 700 162 0.694975
1 700 163 0.6952
1 700 164 0.69485
1 700 165 0.69415
1 700 166 0.695575
1 700 167 0.694825
1 700 168 0.697975
1 700 169 0.694375
1 700 170 0.697625
1 700 171 0.695575
1 700 172 0.6961
1 700 173 0.6931
1 700 174 0.69405
1 700 175 0.690875
1 700 176 0.68635
1 700 177 0.692475
1 700 178 0.689075
1 700 179 0.688725
1 700 180 0.688575
1 700 181 0.683375
1 700 182 0.686425
1 700 183 0.68415
1 700 184 0.685425
1 700 185 0.686275
1 700 186 0.684475
1 700 187 0.686
1 700 188 0.68165
1 700 189 0.68405
1 700 190 0.68345
1 700 191 0.680875
1 700 192 0.682275
1 700 193 0.68355
1 700 194 0.6837
1 700 195 0.68345
1 700 196 0.680825
1 700 197 0.68325
1 700 198 0.678475
1 700 199 0.683375
1 700 200 0.6763
1 700 201 0.679375
1 700 202 0.67965
1 700 203 0.683725
1 700 204 0.684225
1 700 205 0.6849
1 700 206 0.682975
1 700 207 0.679825
1 700 208 0.6816
1 700 209 0.684075
1 700 210 0.6856
1 700 211 0.68075
1 700 212 0.6828
1 700 213 0.6813
1 700 214 0.6841
1 700 215 0.67935
1 700 216 0.685075
1 700 217 0.684425
1 700 218 0.68255
1 700 219 0.6853
1 700 220 0.686925
1 700 221 0.685625
1 700 222 0.686575
1 700 223 0.6903
1 700 224 0.685825
1 700 225 0.686175
1 700 226 0.689075
1 700 227 0.687675
1 700 228 0.689975
1 700 229 0.687525
1 700 230 0.688075
1 700 231 0.686225
1 700 232 0.686725
1 700 233 0.690025
1 700 234 0.688875
1 700 235 0.6868
1 700 236 0.68955
1 700 237 0.6872
1 700 238 0.689075
1 700 239 0.691325
1 700 240 0.69005
1 700 241 0.691125
1 700 242 0.691275
1 700 243 0.693
1 700 244 0.689075
1 700 245 0.69015
1 700 246 0.68985
1 700 247 0.692975
1 700 248 0.69145
1 700 249 0.6925
1 700 250 0.689975
1 700 251 0.6904
1 700 252 0.69685
1 700 253 0.6912
1 700 254 0.689925
1 700 255 0.691675
1 700 256 0.69155
1 700 257 0.6923
1 700 258 0.69175
1 700 259 0.694675
1 700 260 0.69235
1 700 261 0.6923
1 700 262 0.6932
1 700 263 0.688675
1 700 264 0.695975
1 700 265 0.690625
1 700 266 0.691675
1 700 267 0.69035
1 700 268 0.6948
1 700 269 0.689475
1 700 270 0.69285
1 700 271 0.689725
1 700 272 0.690625
1 700 273 0.690325
1 700 274 0.687025
1 700 275 0.690825
1 700 276 0.68745
1 700 277 0.6929
1 700 278 0.693375
1 700 279 0.688725
1 700 280 0.689575
1 700 281 0.693275
1 700 282 0.6898
1 700 283 0.69045
1 700 284 0.6902
1 700 285 0.691275
1 700 286 0.6871
1 700 287 0.687125
1 700 288 0.68715
1 700 289 0.684925
1 700 290 0.68975
1 700 291 0.6868
1 700 292 0.6846
1 700 293 0.68495
1 700 294 0.690575
1 700 295 0.686425
1 700 296 0.68755
1 700 297 0.68505
1 700 298 0.684325
1 700 299 0.68855
1 700 300 0.686675
1 700 301 0.6844
1 700 302 0.678775
1 700 303 0.68705
1 700 304 0.686175
1 700 305 0.679525
1 700 306 0.68355
1 700 307 0.6862
1 700 308 0.6834
1 700 309 0.6817
1 700 310 0.68605
1 700 311 0.680725
1 700 312 0.676575
1 700 313 0.680875
1 700 314 0.679825
1 700 315 0.68065
1 700 316 0.685
1 700 317 0.6825
1 700 318 0.684275
1 700 319 0.681475
1 700 320 0.682275
1 700 321 0.6815
1 700 322 0.678175
1 700 323 0.6837
1 700 324 0.684225
1 700 325 0.680225
1 700 326 0.68035
1 700 327 0.679775
1 700 328 0.677925
1 700 329 0.680775
1 700 330 0.676675
1 700 331 0.680975
1 700 332 0.67965
1 700 333 0.680775
1 700 334 0.676575
1 700 335 0.6843
1 700 336 0.683825
1 700 337 0.682225
1 700 338 0.6836
1 700 339 0.683525
1 700 340 0.68515
1 700 341 0.684775
1 700 342 0.685025
1 700 343 0.68545
1 700 344 0.684025
1 700 345 0.683625
1 700 346 0.68535
1 700 347 0.6847
1 700 348 0.681725
1 700 349 0.6868
1 700 350 0.68525
1 700 351 0.68845
1 700 352 0.690475
1 700 353 0.689925
1 700 354 0.6875
1 700 355 0.68565
1 700 356 0.689625
1 700 357 0.68485
1 700 358 0.683825
1 700 359 0.686625
1 700 360 0.6846
1 700 361 0.690475
1 700 362 0.691425
1 700 363 0.69
1 700 364 0.689
1 700 365 0.69135
1 700 366 0.685225
1 700 367 0.690575
1 700 368 0.690575
1 700 369 0.688825
1 700 370 0.693625
1 700 371 0.6905
1 700 372 0.69155
1 700 373 0.6933
1 700 374 0.691225
1 700 375 0.6896
1 700 376 0.68885
1 700 377 0.69325
1 700 378 0.689225
1 700 379 0.6915
1 700 380 0.69205
1 700 381 0.69025
1 700 382 0.694125
1 700 383 0.690125
1 700 384 0.693425
1 700 385 0.690075
1 700 386 0.693325
1 700 387 0.692225
1 700 388 0.68875
1 700 389 0.6903
1 700 390 0.69575
1 700 391 0.6953
1 700 392 0.691825
1 700 393 0.694375
1 700 394 0.691225
1 700 395 0.6923
1 700 396 0.69515
1 700 397 0.691275
1 700 398 0.694925
1 700 399 0.695925
1 700 400 0.6977
1 700 401 0.6982
1 700 402 0.695025
1 700 403 0.6963
1 700 404 0.697375
1 700 405 0.696975
1 700 406 0.695925
1 700 407 0.6994
1 700 408 0.6973
1 700 409 0.6945
1 700 410 0.69385
1 700 411 0.69435
1 700 412 0.6942
1 700 413 0.6937
1 700 414 0.699
1 700 415 0.699525
1 700 416 0.69675
1 700 417 0.693075
1 700 418 0.6963
1 700 419 0.698275
1 700 420 0.69895
1 700 421 0.6979
1 700 422 0.6991
1 700 423 0.700675
1 700 424 0.70305
1 700 425 0.6981
1 700 426 0.7003
1 700 427 0.7019
1 700 428 0.698625
1 700 429 0.6978
1 700 430 0.70125
1 700 431 0.704725
1 700 432 0.6974
1 700 433 0.698375
1 700 434 0.700225
1 700 435 0.7008
1 700 436 0.704025
1 700 437 0.703075
1 700 438 0.704075
1 700 439 0.698525
1 700 440 0.703175
1 700 441 0.70315
1 700 442 0.701925
1 700 443 0.699625
1 700 444 0.7026
1 700 445 0.70275
1 700 446 0.704325
1 700 447 0.706175
1 700 448 0.707375
1 700 449 0.706825
1 700 450 0.705425
1 700 451 0.703425
1 700 452 0.706975
1 700 453 0.706075
1 700 454 0.707625
1 700 455 0.705775
1 700 456 0.705575
1 700 457 0.706675
1 700 458 0.710875
1 700 459 0.70705
1 700 460 0.706
1 700 461 0.71235
1 700 462 0.70765
1 700 463 0.712575
1 700 464 0.708775
1 700 465 0.7124
1 700 466 0.7097
1 700 467 0.712775
1 700 468 0.7094
1 700 469 0.707875
1 700 470 0.71385
1 700 471 0.707075
1 700 472 0.7111
1 700 473 0.71
1 700 474 0.71415
1 700 475 0.7104
1 700 476 0.7136
1 700 477 0.709425
1 700 478 0.713075
1 700 479 0.7147
1 700 480 0.7109
1 700 481 0.71485
1 700 482 0.713425
1 700 483 0.714175
1 700 484 0.71545
1 700 485 0.712275
1 700 486 0.71185
1 700 487 0.711375
1 700 488 0.71275
1 700 489 0.7133
1 700 490 0.716375
1 700 491 0.716725
1 700 492 0.71665
1 700 493 0.717525
1 700 494 0.717075
1 700 495 0.717525
1 700 496 0.721825
1 700 497 0.717425
1 700 498 0.717175
1 700 499 0.72245
1 700 500 0.719175
1 700 501 0.718425
1 700 502 0.7181
1 700 503 0.718575
1 700 504 0.7213
1 700 505 0.7223
1 700 506 0.716725
1 700 507 0.7219
1 700 508 0.722075
1 700 509 0.716875
1 700 510 0.720075
1 700 511 0.719525
1 700 512 0.722075
1 700 513 0.72185
1 700 514 0.722075
1 700 515 0.725125
1 700 516 0.7212
1 700 517 0.7228
1 700 518 0.72065
1 700 519 0.721925
1 700 520 0.720675
1 700 521 0.7185
1 700 522 0.718925
1 700 523 0.7199
1 700 524 0.7201
1 700 525 0.719575
1 700 526 0.7188
1 700 527 0.721025
1 700 528 0.719925
1 700 529 0.718875
1 700 530 0.719025
1 700 531 0.719375
1 700 532 0.722275
1 700 533 0.723975
1 700 534 0.721575
1 700 535 0.71945
1 700 536 0.7236
1 700 537 0.719075
1 700 538 0.7194
1 700 539 0.7194
1 700 540 0.7207
1 700 541 0.720175
1 700 542 0.72125
1 700 543 0.718325
1 700 544 0.722825
1 700 545 0.7222
1 700 546 0.72075
1 700 547 0.720025
1 700 548 0.718175
1 700 549 0.72155
1 700 550 0.721225
1 700 551 0.72055
1 700 552 0.722875
1 700 553 0.718575
1 700 554 0.719875
1 700 555 0.7194
1 700 556 0.722075
1 700 557 0.7182
1 700 558 0.719175
1 700 559 0.72105
1 700 560 0.722625
1 700 561 0.72235
1 700 562 0.719675
1 700 563 0.718775
1 700 564 0.7212
1 700 565 0.71725
1 700 566 0.721875
1 700 567 0.72205
1 700 568 0.718275
1 700 569 0.719475
1 700 570 0.719775
1 700 571 0.71995
1 700 572 0.722025
1 700 573 0.718925
1 700 574 0.721025
1 700 575 0.72095
1 700 576 0.7231
1 700 577 0.720975
1 700 578 0.72275
1 700 579 0.71885
1 700 580 0.71875
1 700 581 0.7224
1 700 582 0.7244
1 700 583 0.721125
1 700 584 0.7181
1 700 585 0.720625
1 700 586 0.7222
1 700 587 0.722325
1 700 588 0.722175
1 700 589 0.720375
1 700 590 0.724575
1 700 591 0.720925
1 700 592 0.71815
1 700 593 0.72015
1 700 594 0.71935
1 700 595 0.719025
1 700 596 0.719875
1 700 597 0.723425
1 700 598 0.72015
1 700 599 0.717025
1 700 600 0.722275
1 700 601 0.720275
1 700 602 0.721925
1 700 603 0.7217
1 700 604 0.720725
1 700 605 0.723525
1 700 606 0.722625
1 700 607 0.721325
1 700 608 0.721
1 700 609 0.722925
1 700 610 0.71875
1 700 611 0.722325
1 700 612 0.718575
1 700 613 0.7246
1 700 614 0.723475
1 700 615 0.7219
1 700 616 0.72395
1 700 617 0.723975
1 700 618 0.7214
1 700 619 0.724475
1 700 620 0.71975
1 700 621 0.7211
1 700 622 0.722075
1 700 623 0.72155
1 700 624 0.719425
1 700 625 0.72405
1 700 626 0.721575
1 700 627 0.72235
1 700 628 0.722775
1 700 629 0.7208
1 700 630 0.723075
1 700 631 0.722675
1 700 632 0.72125
1 700 633 0.720875
1 700 634 0.72225
1 700 635 0.721825
1 700 636 0.724125
1 700 637 0.721975
1 700 638 0.722575
1 700 639 0.722
1 700 640 0.722275
1 700 641 0.722875
1 700 642 0.721975
1 700 643 0.722275
1 700 644 0.721825
1 700 645 0.71845
1 700 646 0.72135
1 700 647 0.72065
1 700 648 0.72125
1 700 649 0.7226
1 700 650 0.722025
1 700 651 0.721
1 700 652 0.72425
1 700 653 0.721225
1 700 654 0.723875
1 700 655 0.721775
1 700 656 0.722775
1 700 657 0.7237
1 700 658 0.7216
1 700 659 0.72125
1 700 660 0.721225
1 700 661 0.7261
1 700 662 0.721725
1 700 663 0.722475
1 700 664 0.722225
1 700 665 0.72275
1 700 666 0.7226
1 700 667 0.7213
1 700 668 0.72125
1 700 669 0.725625
1 700 670 0.7254
1 700 671 0.72675
1 700 672 0.723625
1 700 673 0.724325
1 700 674 0.723525
1 700 675 0.72145
1 700 676 0.72245
1 700 677 0.727525
1 700 678 0.7218
1 700 679 0.7262
1 700 680 0.72415
1 700 681 0.721775
1 700 682 0.721275
1 700 683 0.724825
1 700 684 0.724725
1 700 685 0.725
1 700 686 0.7227
1 700 687 0.727425
1 700 688 0.725125
1 700 689 0.723875
1 700 690 0.7246
1 700 691 0.72175
1 700 692 0.725825
1 700 693 0.724275
1 700 694 0.72285
1 700 695 0.724725
1 700 696 0.722625
1 700 697 0.72195
1 700 698 0.724525
1 700 699 0.72105
1 700 700 0.723775
1 700 701 0.7221
1 700 702 0.72495
1 700 703 0.7227
1 700 704 0.72555
1 700 705 0.722425
1 700 706 0.720725
1 700 707 0.72035
1 700 708 0.723425
1 700 709 0.722075
1 700 710 0.7231
1 700 711 0.721825
1 700 712 0.722125
1 700 713 0.7231
1 700 714 0.722
1 700 715 0.720125
1 700 716 0.7227
1 700 717 0.72165
1 700 718 0.720625
1 700 719 0.720575
1 700 720 0.71905
1 700 721 0.719925
1 700 722 0.7219
1 700 723 0.722675
1 700 724 0.719275
1 700 725 0.7195
1 700 726 0.7213
1 700 727 0.71785
1 700 728 0.722575
1 700 729 0.7187
1 700 730 0.71905
1 700 731 0.721375
1 700 732 0.72435
1 700 733 0.7177
1 700 734 0.719925
1 700 735 0.717575
1 700 736 0.719125
1 700 737 0.718175
1 700 738 0.718825
1 700 739 0.718325
1 700 740 0.719875
1 700 741 0.7176
1 700 742 0.716375
1 700 743 0.717775
1 700 744 0.716925
1 700 745 0.7195
1 700 746 0.718325
1 700 747 0.717125
1 700 748 0.719375
1 700 749 0.71745
1 700 750 0.7158
1 700 751 0.71615
1 700 752 0.719025
1 700 753 0.7147
1 700 754 0.7145
1 700 755 0.7183
1 700 756 0.71985
1 700 757 0.717325
1 700 758 0.716975
1 700 759 0.71575
1 700 760 0.717175
1 700 761 0.7125
1 700 762 0.718775
1 700 763 0.7162
1 700 764 0.714925
1 700 765 0.7129
1 700 766 0.717375
1 700 767 0.716175
1 700 768 0.71705
1 700 769 0.7123
1 700 770 0.71415
1 700 771 0.71525
1 700 772 0.714175
1 700 773 0.714875
1 700 774 0.7122
1 700 775 0.7143
1 700 776 0.709825
1 700 777 0.715475
1 700 778 0.71325
1 700 779 0.712825
1 700 780 0.713825
1 700 781 0.7138
1 700 782 0.712125
1 700 783 0.7135
1 700 784 0.7099
1 700 785 0.709
1 700 786 0.712525
1 700 787 0.712325
1 700 788 0.711775
1 700 789 0.7105
1 700 790 0.70845
1 700 791 0.70945
1 700 792 0.7114
1 700 793 0.7099
1 700 794 0.70975
1 700 795 0.71105
1 700 796 0.71145
1 700 797 0.7131
1 700 798 0.709175
1 700 799 0.713975
1 700 800 0.706575
1 700 801 0.7102
1 700 802 0.706375
1 700 803 0.7089
1 700 804 0.708925
1 700 805 0.709025
1 700 806 0.709575
1 700 807 0.7083
1 700 808 0.706925
1 700 809 0.707375
1 700 810 0.7084
1 700 811 0.70935
1 700 812 0.7082
1 700 813 0.707025
1 700 814 0.70735
1 700 815 0.708025
1 700 816 0.706875
1 700 817 0.7071
1 700 818 0.708475
1 700 819 0.71
1 700 820 0.708225
1 700 821 0.70635
1 700 822 0.70585
1 700 823 0.704025
1 700 824 0.70535
1 700 825 0.70445
1 700 826 0.704025
1 700 827 0.7047
1 700 828 0.702475
1 700 829 0.704225
1 700 830 0.70475
1 700 831 0.7072
1 700 832 0.706125
1 700 833 0.703775
1 700 834 0.705375
1 700 835 0.704825
1 700 836 0.703
1 700 837 0.703025
1 700 838 0.701525
1 700 839 0.703225
1 700 840 0.702425
1 700 841 0.6979
1 700 842 0.704625
1 700 843 0.702125
1 700 844 0.70105
1 700 845 0.703325
1 700 846 0.706725
1 700 847 0.7013
1 700 848 0.70205
1 700 849 0.702825
1 700 850 0.702
1 700 851 0.70185
1 700 852 0.7021
1 700 853 0.701275
1 700 854 0.70345
1 700 855 0.700175
1 700 856 0.701675
1 700 857 0.701325
1 700 858 0.7037
1 700 859 0.70135
1 700 860 0.69975
1 700 861 0.70095
1 700 862 0.700625
1 700 863 0.6995
1 700 864 0.70095
1 700 865 0.69895
1 700 866 0.7021
1 700 867 0.696625
1 700 868 0.697275
1 700 869 0.69935
1 700 870 0.698725
1 700 871 0.6977
1 700 872 0.7007
1 700 873 0.698975
1 700 874 0.6984
1 700 875 0.696125
1 700 876 0.697975
1 700 877 0.69535
1 700 878 0.699425
1 700 879 0.6944
1 700 880 0.698575
1 700 881 0.69725
1 700 882 0.6938
1 700 883 0.69395
1 700 884 0.6976
1 700 885 0.69445
1 700 886 0.69745
1 700 887 0.6967
1 700 888 0.69785
1 700 889 0.695525
1 700 890 0.695
1 700 891 0.6956
1 700 892 0.695925
1 700 893 0.693275
1 700 894 0.6949
1 700 895 0.69575
1 700 896 0.69355
1 700 897 0.691475
1 700 898 0.6929
1 700 899 0.69535
1 700 900 0.69365
1 700 901 0.693725
1 700 902 0.692725
1 700 903 0.692325
1 700 904 0.689725
1 700 905 0.69365
1 700 906 0.695875
1 700 907 0.69155
1 700 908 0.693375
1 700 909 0.692875
1 700 910 0.6893
1 700 911 0.688525
1 700 912 0.6906
1 700 913 0.689875
1 700 914 0.6904
1 700 915 0.690725
1 700 916 0.686925
1 700 917 0.690875
1 700 918 0.69335
1 700 919 0.690775
1 700 920 0.691125
1 700 921 0.68815
1 700 922 0.6872
1 700 923 0.68675
1 700 924 0.686375
1 700 925 0.687225
1 700 926 0.691325
1 700 927 0.6862
1 700 928 0.688275
1 700 929 0.68925
1 700 930 0.6865
1 700 931 0.690825
1 700 932 0.688725
1 700 933 0.68845
1 700 934 0.6844
1 700 935 0.687875
1 700 936 0.688175
1 700 937 0.687525
1 700 938 0.685975
1 700 939 0.68655
1 700 940 0.683975
1 700 941 0.6881
1 700 942 0.684375
1 700 943 0.686
1 700 944 0.6843
1 700 945 0.68915
1 700 946 0.688025
1 700 947 0.68655
1 700 948 0.683325
1 700 949 0.682925
1 700 950 0.68535
1 700 951 0.685875
1 700 952 0.68365
1 700 953 0.6836
1 700 954 0.68375
1 700 955 0.681575
1 700 956 0.679975
1 700 957 0.683
1 700 958 0.686175
1 700 959 0.68075
1 700 960 0.6809
1 700 961 0.6816
1 700 962 0.6825
1 700 963 0.68515
1 700 964 0.681025
1 700 965 0.679025
1 700 966 0.6828
1 700 967 0.681325
1 700 968 0.67745
1 700 969 0.682825
1 700 970 0.679825
1 700 971 0.6802
1 700 972 0.6801
1 700 973 0.682475
1 700 974 0.68225
1 700 975 0.675725
1 700 976 0.68045
1 700 977 0.679
1 700 978 0.680475
1 700 979 0.681425
1 700 980 0.677075
1 700 981 0.679275
1 700 982 0.678125
1 700 983 0.678575
1 700 984 0.679125
1 700 985 0.67705
1 700 986 0.67865
1 700 987 0.6759
1 700 988 0.682975
1 700 989 0.678275
1 700 990 0.677775
1 700 991 0.6809
1 700 992 0.680075
1 700 993 0.679275
1 700 994 0.676675
1 700 995 0.68115
1 700 996 0.68065
1 700 997 0.67995
1 700 998 0.676975
1 700 999 0.67965
1 700 1000 0.68005
1 700 1001 0.6795
2 700 1 0.49715
2 700 2 0.53195
2 700 3 0.55395
2 700 4 0.56915
2 700 5 0.577075
2 700 6 0.5882
2 700 7 0.601825
2 700 8 0.604275
2 700 9 0.6165
2 700 10 0.6211
2 700 11 0.624925
2 700 12 0.625625
2 700 13 0.6358
2 700 14 0.6326
2 700 15 0.641825
2 700 16 0.634675
2 700 17 0.640025
2 700 18 0.64665
2 700 19 0.648875
2 700 20 0.6488
2 700 21 0.6577
2 700 22 0.6536
2 700 23 0.654725
2 700 24 0.659225
2 700 25 0.665375
2 700 26 0.66025
2 700 27 0.6694
2 700 28 0.6686
2 700 29 0.6707
2 700 30 0.6657
2 700 31 0.666875
2 700 32 0.6613
2 700 33 0.66465
2 700 34 0.66795
2 700 35 0.673125
2 700 36 0.671425
2 700 37 0.673375
2 700 38 0.67285
2 700 39 0.671975
2 700 40 0.671375
2 700 41 0.6683
2 700 42 0.6669
2 700 43 0.6688
2 700 44 0.66975
2 700 45 0.6698
2 700 46 0.6795
2 700 47 0.681775
2 700 48 0.686025
2 700 49 0.6833
2 700 50 0.682025
2 700 51 0.682725
2 700 52 0.682875
2 700 53 0.67605
2 700 54 0.6802
2 700 55 0.685475
2 700 56 0.68695
2 700 57 0.685325
2 700 58 0.686525
2 700 59 0.6897
2 700 60 0.689475
2 700 61 0.68485
2 700 62 0.683775
2 700 63 0.6863
2 700 64 0.68105
2 700 65 0.6795
2 700 66 0.679275
2 700 67 0.682375
2 700 68 0.676225
2 700 69 0.679
2 700 70 0.6781
2 700 71 0.67505
2 700 72 0.6763
2 700 73 0.675275
2 700 74 0.6744
2 700 75 0.6769
2 700 76 0.673475
2 700 77 0.674325
2 700 78 0.67245
2 700 79 0.67175
2 700 80 0.669125
2 700 81 0.6711
2 700 82 0.660175
2 700 83 0.665275
2 700 84 0.667425
2 700 85 0.667
2 700 86 0.665925
2 700 87 0.6686
2 700 88 0.670375
2 700 89 0.670025
2 700 90 0.668625
2 700 91 0.6682
2 700 92 0.67135
2 700 93 0.67635
2 700 94 0.672825
2 700 95 0.67835
2 700 96 0.6801
2 700 97 0.68535
2 700 98 0.6833
2 700 99 0.687175
2 700 100 0.688025
2 700 101 0.6937
2 700 102 0.690425
2 700 103 0.6904
2 700 104 0.6915
2 700 105 0.692425
2 700 106 0.690475
2 700 107 0.69405
2 700 108 0.69185
2 700 109 0.692725
2 700 110 0.692275
2 700 111 0.696
2 700 112 0.691075
2 700 113 0.69515
2 700 114 0.694675
2 700 115 0.69555
2 700 116 0.69575
2 700 117 0.696975
2 700 118 0.694925
2 700 119 0.694925
2 700 120 0.69395
2 700 121 0.696575
2 700 122 0.69385
2 700 123 0.693275
2 700 124 0.692625
2 700 125 0.691675
2 700 126 0.696825
2 700 127 0.69245
2 700 128 0.6956
2 700 129 0.694825
2 700 130 0.696325
2 700 131 0.690325
2 700 132 0.695775
2 700 133 0.69765
2 700 134 0.697475
2 700 135 0.6981
2 700 136 0.6947
2 700 137 0.694425
2 700 138 0.69415
2 700 139 0.694825
2 700 140 0.698
2 700 141 0.6926
2 700 142 0.696475
2 700 143 0.69695
2 700 144 0.6949
2 700 145 0.696475
2 700 146 0.69875
2 700 147 0.69655
2 700 148 0.69565
2 700 149 0.6976
2 700 150 0.6935
2 700 151 0.69465
2 700 152 0.695
2 700 153 0.69535
2 700 154 0.694325
2 700 155 0.694375
2 700 156 0.6955
2 700 157 0.6963
2 700 158 0.69395
2 700 159 0.695275
2 700 160 0.69475
2 700 161 0.69575
2 700 162 0.6955
2 700 163 0.695825
2 700 164 0.6912
2 700 165 0.6948
2 700 166 0.695075
2 700 167 0.6925
2 700 168 0.6969
2 700 169 0.6962
2 700 170 0.692575
2 700 171 0.694575
2 700 172 0.693925
2 700 173 0.692425
2 700 174 0.690225
2 700 175 0.69385
2 700 176 0.690775
2 700 177 0.689725
2 700 178 0.6881
2 700 179 0.690375
2 700 180 0.6867
2 700 181 0.68705
2 700 182 0.6863
2 700 183 0.68665
2 700 184 0.68095
2 700 185 0.6863
2 700 186 0.68725
2 700 187 0.686025
2 700 188 0.687725
2 700 189 0.681875
2 700 190 0.69065
2 700 191 0.6832
2 700 192 0.6859
2 700 193 0.68375
2 700 194 0.683375
2 700 195 0.68625
2 700 196 0.682075
2 700 197 0.68305
2 700 198 0.680775
2 700 199 0.6798
2 700 200 0.675075
2 700 201 0.6798
2 700 202 0.6812
2 700 203 0.68185
2 700 204 0.681175
2 700 205 0.681775
2 700 206 0.685775
2 700 207 0.681425
2 700 208 0.680725
2 700 209 0.68025
2 700 210 0.68035
2 700 211 0.6835
2 700 212 0.6824
2 700 213 0.685725
2 700 214 0.685275
2 700 215 0.6849
2 700 216 0.686875
2 700 217 0.6808
2 700 218 0.68265
2 700 219 0.6864
2 700 220 0.6846
2 700 221 0.685675
2 700 222 0.6843
2 700 223 0.68575
2 700 224 0.685525
2 700 225 0.6877
2 700 226 0.6862
2 700 227 0.685925
2 700 228 0.68775
2 700 229 0.686875
2 700 230 0.689475
2 700 231 0.68555
2 700 232 0.68705
2 700 233 0.6892
2 700 234 0.692175
2 700 235 0.692075
2 700 236 0.690725
2 700 237 0.686425
2 700 238 0.687575
2 700 239 0.6884
2 700 240 0.685625
2 700 241 0.68825
2 700 242 0.6898
2 700 243 0.69265
2 700 244 0.6905
2 700 245 0.69085
2 700 246 0.68685
2 700 247 0.6907
2 700 248 0.6882
2 700 249 0.6923
2 700 250 0.69385
2 700 251 0.691875
2 700 252 0.693225
2 700 253 0.692475
2 700 254 0.692175
2 700 255 0.687825
2 700 256 0.69085
2 700 257 0.691925
2 700 258 0.6925
2 700 259 0.6928
2 700 260 0.692475
2 700 261 0.691425
2 700 262 0.69195
2 700 263 0.688275
2 700 264 0.6918
2 700 265 0.69385
2 700 266 0.688675
2 700 267 0.69025
2 700 268 0.690925
2 700 269 0.6895
2 700 270 0.690625
2 700 271 0.6928
2 700 272 0.68765
2 700 273 0.690275
2 700 274 0.686375
2 700 275 0.690375
2 700 276 0.69045
2 700 277 0.688325
2 700 278 0.692075
2 700 279 0.691275
2 700 280 0.6903
2 700 281 0.6919
2 700 282 0.68775
2 700 283 0.684225
2 700 284 0.689825
2 700 285 0.689975
2 700 286 0.6892
2 700 287 0.685425
2 700 288 0.684325
2 700 289 0.685375
2 700 290 0.690675
2 700 291 0.690425
2 700 292 0.6886
2 700 293 0.6868
2 700 294 0.69005
2 700 295 0.691025
2 700 296 0.684025
2 700 297 0.68455
2 700 298 0.685675
2 700 299 0.68485
2 700 300 0.686175
2 700 301 0.688475
2 700 302 0.688175
2 700 303 0.68505
2 700 304 0.684425
2 700 305 0.682675
2 700 306 0.686175
2 700 307 0.678
2 700 308 0.68395
2 700 309 0.679925
2 700 310 0.681575
2 700 311 0.685075
2 700 312 0.6828
2 700 313 0.678075
2 700 314 0.681475
2 700 315 0.68165
2 700 316 0.682575
2 700 317 0.681125
2 700 318 0.681675
2 700 319 0.6801
2 700 320 0.68015
2 700 321 0.681625
2 700 322 0.68185
2 700 323 0.676775
2 700 324 0.678625
2 700 325 0.682025
2 700 326 0.67505
2 700 327 0.676775
2 700 328 0.681125
2 700 329 0.676225
2 700 330 0.6781
2 700 331 0.68
2 700 332 0.678175
2 700 333 0.6801
2 700 334 0.68105
2 700 335 0.680875
2 700 336 0.681575
2 700 337 0.683475
2 700 338 0.6807
2 700 339 0.68275
2 700 340 0.683175
2 700 341 0.6824
2 700 342 0.684375
2 700 343 0.685075
2 700 344 0.686525
2 700 345 0.685125
2 700 346 0.6842
2 700 347 0.68715
2 700 348 0.68445
2 700 349 0.685125
2 700 350 0.686475
2 700 351 0.6866
2 700 352 0.68855
2 700 353 0.686475
2 700 354 0.690575
2 700 355 0.692125
2 700 356 0.68875
2 700 357 0.688925
2 700 358 0.6847
2 700 359 0.691075
2 700 360 0.682925
2 700 361 0.68945
2 700 362 0.686425
2 700 363 0.686375
2 700 364 0.685575
2 700 365 0.68825
2 700 366 0.68745
2 700 367 0.686625
2 700 368 0.68785
2 700 369 0.6897
2 700 370 0.688375
2 700 371 0.69085
2 700 372 0.685175
2 700 373 0.69065
2 700 374 0.690875
2 700 375 0.6904
2 700 376 0.6898
2 700 377 0.69315
2 700 378 0.688975
2 700 379 0.6896
2 700 380 0.686775
2 700 381 0.689675
2 700 382 0.6919
2 700 383 0.6938
2 700 384 0.687075
2 700 385 0.691375
2 700 386 0.6915
2 700 387 0.694825
2 700 388 0.69305
2 700 389 0.692325
2 700 390 0.68795
2 700 391 0.69225
2 700 392 0.689075
2 700 393 0.689625
2 700 394 0.6942
2 700 395 0.692225
2 700 396 0.69135
2 700 397 0.69975
2 700 398 0.695325
2 700 399 0.694875
2 700 400 0.694175
2 700 401 0.6955
2 700 402 0.696275
2 700 403 0.694075
2 700 404 0.696775
2 700 405 0.694075
2 700 406 0.69925
2 700 407 0.69705
2 700 408 0.693825
2 700 409 0.694275
2 700 410 0.698125
2 700 411 0.69775
2 700 412 0.693775
2 700 413 0.692825
2 700 414 0.69835
2 700 415 0.695275
2 700 416 0.69585
2 700 417 0.698025
2 700 418 0.70135
2 700 419 0.6962
2 700 420 0.698625
2 700 421 0.69795
2 700 422 0.700125
2 700 423 0.70135
2 700 424 0.703575
2 700 425 0.701325
2 700 426 0.698575
2 700 427 0.6976
2 700 428 0.6994
2 700 429 0.701125
2 700 430 0.70215
2 700 431 0.702125
2 700 432 0.7009
2 700 433 0.702075
2 700 434 0.70165
2 700 435 0.7029
2 700 436 0.7067
2 700 437 0.70055
2 700 438 0.703575
2 700 439 0.705375
2 700 440 0.700425
2 700 441 0.7044
2 700 442 0.701925
2 700 443 0.70125
2 700 444 0.70425
2 700 445 0.7035
2 700 446 0.70625
2 700 447 0.70395
2 700 448 0.70565
2 700 449 0.705225
2 700 450 0.70475
2 700 451 0.7037
2 700 452 0.7048
2 700 453 0.709925
2 700 454 0.70755
2 700 455 0.712175
2 700 456 0.70535
2 700 457 0.707775
2 700 458 0.706125
2 700 459 0.70865
2 700 460 0.70575
2 700 461 0.708625
2 700 462 0.7065
2 700 463 0.7097
2 700 464 0.710175
2 700 465 0.70805
2 700 466 0.70735
2 700 467 0.712575
2 700 468 0.711325
2 700 469 0.709875
2 700 470 0.7121
2 700 471 0.711825
2 700 472 0.71205
2 700 473 0.7071
2 700 474 0.712625
2 700 475 0.71355
2 700 476 0.711975
2 700 477 0.71035
2 700 478 0.713675
2 700 479 0.709425
2 700 480 0.710925
2 700 481 0.7117
2 700 482 0.71515
2 700 483 0.7128
2 700 484 0.716125
2 700 485 0.717075
2 700 486 0.712625
2 700 487 0.713575
2 700 488 0.71335
2 700 489 0.712375
2 700 490 0.712775
2 700 491 0.717125
2 700 492 0.718625
2 700 493 0.714575
2 700 494 0.71475
2 700 495 0.7143
2 700 496 0.717775
2 700 497 0.720375
2 700 498 0.716975
2 700 499 0.71805
2 700 500 0.72045
2 700 501 0.716625
2 700 502 0.719975
2 700 503 0.7186
2 700 504 0.721025
2 700 505 0.72005
2 700 506 0.72025
2 700 507 0.720625
2 700 508 0.72
2 700 509 0.72085
2 700 510 0.720325
2 700 511 0.721375
2 700 512 0.720825
2 700 513 0.72205
2 700 514 0.719825
2 700 515 0.72195
2 700 516 0.72075
2 700 517 0.71645
2 700 518 0.72
2 700 519 0.7218
2 700 520 0.720425
2 700 521 0.71975
2 700 522 0.720875
2 700 523 0.717575
2 700 524 0.721625
2 700 525 0.717125
2 700 526 0.717675
2 700 527 0.719275
2 700 528 0.720475
2 700 529 0.71965
2 700 530 0.71735
2 700 531 0.72125
2 700 532 0.719675
2 700 533 0.72005
2 700 534 0.7189
2 700 535 0.7193
2 700 536 0.722575
2 700 537 0.718875
2 700 538 0.718725
2 700 539 0.719625
2 700 540 0.720675
2 700 541 0.71985
2 700 542 0.718675
2 700 543 0.719625
2 700 544 0.7211
2 700 545 0.720875
2 700 546 0.722225
2 700 547 0.715725
2 700 548 0.71995
2 700 549 0.720475
2 700 550 0.722375
2 700 551 0.723125
2 700 552 0.72025
2 700 553 0.720875
2 700 554 0.718425
2 700 555 0.72305
2 700 556 0.720475
2 700 557 0.7239
2 700 558 0.72345
2 700 559 0.718875
2 700 560 0.721775
2 700 561 0.722225
2 700 562 0.71885
2 700 563 0.7209
2 700 564 0.722575
2 700 565 0.722525
2 700 566 0.72155
2 700 567 0.7183
2 700 568 0.721225
2 700 569 0.72305
2 700 570 0.720575
2 700 571 0.72475
2 700 572 0.723075
2 700 573 0.723125
2 700 574 0.7187
2 700 575 0.721725
2 700 576 0.721325
2 700 577 0.719525
2 700 578 0.722475
2 700 579 0.720025
2 700 580 0.71845
2 700 581 0.723825
2 700 582 0.722625
2 700 583 0.719875
2 700 584 0.720975
2 700 585 0.72125
2 700 586 0.7222
2 700 587 0.722825
2 700 588 0.72655
2 700 589 0.720375
2 700 590 0.721125
2 700 591 0.721225
2 700 592 0.7215
2 700 593 0.719625
2 700 594 0.72355
2 700 595 0.72105
2 700 596 0.71965
2 700 597 0.716825
2 700 598 0.71975
2 700 599 0.721975
2 700 600 0.721225
2 700 601 0.721475
2 700 602 0.718525
2 700 603 0.7238
2 700 604 0.72165
2 700 605 0.7218
2 700 606 0.7202
2 700 607 0.720875
2 700 608 0.7226
2 700 609 0.7221
2 700 610 0.720525
2 700 611 0.721125
2 700 612 0.721475
2 700 613 0.720925
2 700 614 0.7225
2 700 615 0.721875
2 700 616 0.721025
2 700 617 0.724175
2 700 618 0.72355
2 700 619 0.721025
2 700 620 0.72195
2 700 621 0.724025
2 700 622 0.719425
2 700 623 0.721475
2 700 624 0.723
2 700 625 0.7209
2 700 626 0.72225
2 700 627 0.724825
2 700 628 0.721125
2 700 629 0.721125
2 700 630 0.7256
2 700 631 0.72415
2 700 632 0.71985
2 700 633 0.723525
2 700 634 0.7209
2 700 635 0.72335
2 700 636 0.72165
2 700 637 0.72295
2 700 638 0.722325
2 700 639 0.72135
2 700 640 0.7229
2 700 641 0.721825
2 700 642 0.7237
2 700 643 0.7231
2 700 644 0.720275
2 700 645 0.72335
2 700 646 0.72345
2 700 647 0.72315
2 700 648 0.72005
2 700 649 0.7228
2 700 650 0.724075
2 700 651 0.72455
2 700 652 0.7226
2 700 653 0.724475
2 700 654 0.7229
2 700 655 0.723175
2 700 656 0.7233
2 700 657 0.721925
2 700 658 0.72655
2 700 659 0.723425
2 700 660 0.723475
2 700 661 0.72135
2 700 662 0.724025
2 700 663 0.721475
2 700 664 0.7244
2 700 665 0.7206
2 700 666 0.723375
2 700 667 0.724775
2 700 668 0.724525
2 700 669 0.723425
2 700 670 0.725725
2 700 671 0.721025
2 700 672 0.72435
2 700 673 0.722775
2 700 674 0.72135
2 700 675 0.723675
2 700 676 0.722675
2 700 677 0.7242
2 700 678 0.7225
2 700 679 0.72015
2 700 680 0.724775
2 700 681 0.72135
2 700 682 0.722425
2 700 683 0.72435
2 700 684 0.723075
2 700 685 0.722375
2 700 686 0.72275
2 700 687 0.72255
2 700 688 0.722825
2 700 689 0.7243
2 700 690 0.72475
2 700 691 0.720125
2 700 692 0.72535
2 700 693 0.72195
2 700 694 0.722125
2 700 695 0.728225
2 700 696 0.72325
2 700 697 0.7264
2 700 698 0.72455
2 700 699 0.724575
2 700 700 0.721775
2 700 701 0.72285
2 700 702 0.7241
2 700 703 0.72395
2 700 704 0.72465
2 700 705 0.725275
2 700 706 0.722925
2 700 707 0.721925
2 700 708 0.72235
2 700 709 0.722425
2 700 710 0.723625
2 700 711 0.7207
2 700 712 0.7232
2 700 713 0.7263
2 700 714 0.720525
2 700 715 0.7213
2 700 716 0.72065
2 700 717 0.721325
2 700 718 0.723325
2 700 719 0.719025
2 700 720 0.720525
2 700 721 0.721325
2 700 722 0.71885
2 700 723 0.718725
2 700 724 0.722925
2 700 725 0.721925
2 700 726 0.71865
2 700 727 0.72335
2 700 728 0.719425
2 700 729 0.722575
2 700 730 0.717575
2 700 731 0.7174
2 700 732 0.72005
2 700 733 0.718175
2 700 734 0.719075
2 700 735 0.71695
2 700 736 0.717625
2 700 737 0.715625
2 700 738 0.717175
2 700 739 0.720325
2 700 740 0.71885
2 700 741 0.718675
2 700 742 0.717375
2 700 743 0.718275
2 700 744 0.715675
2 700 745 0.713325
2 700 746 0.7185
2 700 747 0.713225
2 700 748 0.717875
2 700 749 0.71865
2 700 750 0.716625
2 700 751 0.717225
2 700 752 0.7186
2 700 753 0.714475
2 700 754 0.715725
2 700 755 0.7154
2 700 756 0.713625
2 700 757 0.71535
2 700 758 0.715275
2 700 759 0.71415
2 700 760 0.715125
2 700 761 0.7159
2 700 762 0.71595
2 700 763 0.71475
2 700 764 0.714425
2 700 765 0.713425
2 700 766 0.71765
2 700 767 0.71385
2 700 768 0.712275
2 700 769 0.713525
2 700 770 0.71495
2 700 771 0.7135
2 700 772 0.71355
2 700 773 0.71035
2 700 774 0.7159
2 700 775 0.71235
2 700 776 0.71305
2 700 777 0.7097
2 700 778 0.711325
2 700 779 0.711425
2 700 780 0.707625
2 700 781 0.715825
2 700 782 0.71505
2 700 783 0.711
2 700 784 0.7111
2 700 785 0.70925
2 700 786 0.70875
2 700 787 0.70975
2 700 788 0.70755
2 700 789 0.711025
2 700 790 0.71045
2 700 791 0.7098
2 700 792 0.70995
2 700 793 0.711725
2 700 794 0.710925
2 700 795 0.71325
2 700 796 0.708775
2 700 797 0.708975
2 700 798 0.7096
2 700 799 0.7087
2 700 800 0.708625
2 700 801 0.708825
2 700 802 0.7113
2 700 803 0.7074
2 700 804 0.706075
2 700 805 0.712275
2 700 806 0.710525
2 700 807 0.711475
2 700 808 0.708975
2 700 809 0.7118
2 700 810 0.7072
2 700 811 0.710675
2 700 812 0.7059
2 700 813 0.70755
2 700 814 0.7043
2 700 815 0.7067
2 700 816 0.706275
2 700 817 0.705125
2 700 818 0.7054
2 700 819 0.705625
2 700 820 0.70735
2 700 821 0.708025
2 700 822 0.7078
2 700 823 0.70685
2 700 824 0.705475
2 700 825 0.7037
2 700 826 0.702475
2 700 827 0.7043
2 700 828 0.707325
2 700 829 0.706275
2 700 830 0.70495
2 700 831 0.70475
2 700 832 0.704075
2 700 833 0.70255
2 700 834 0.7071
2 700 835 0.706325
2 700 836 0.705675
2 700 837 0.702
2 700 838 0.7017
2 700 839 0.702025
2 700 840 0.70475
2 700 841 0.7046
2 700 842 0.702675
2 700 843 0.701625
2 700 844 0.700925
2 700 845 0.702575
2 700 846 0.706875
2 700 847 0.703525
2 700 848 0.70335
2 700 849 0.702875
2 700 850 0.704125
2 700 851 0.70495
2 700 852 0.702125
2 700 853 0.7057
2 700 854 0.702575
2 700 855 0.6996
2 700 856 0.702125
2 700 857 0.702025
2 700 858 0.7008
2 700 859 0.702925
2 700 860 0.70195
2 700 861 0.69595
2 700 862 0.701475
2 700 863 0.700875
2 700 864 0.70095
2 700 865 0.701675
2 700 866 0.69895
2 700 867 0.6984
2 700 868 0.69975
2 700 869 0.699225
2 700 870 0.7012
2 700 871 0.697225
2 700 872 0.697225
2 700 873 0.6996
2 700 874 0.697475
2 700 875 0.697775
2 700 876 0.69485
2 700 877 0.693575
2 700 878 0.693075
2 700 879 0.694125
2 700 880 0.696275
2 700 881 0.697725
2 700 882 0.6954
2 700 883 0.695825
2 700 884 0.6944
2 700 885 0.69475
2 700 886 0.69535
2 700 887 0.696325
2 700 888 0.694875
2 700 889 0.69505
2 700 890 0.6942
2 700 891 0.69135
2 700 892 0.6937
2 700 893 0.694475
2 700 894 0.695125
2 700 895 0.6935
2 700 896 0.694025
2 700 897 0.694475
2 700 898 0.6926
2 700 899 0.692925
2 700 900 0.6938
2 700 901 0.692425
2 700 902 0.69325
2 700 903 0.6938
2 700 904 0.69295
2 700 905 0.692375
2 700 906 0.6918
2 700 907 0.69195
2 700 908 0.6944
2 700 909 0.693075
2 700 910 0.69275
2 700 911 0.686925
2 700 912 0.6901
2 700 913 0.690225
2 700 914 0.6912
2 700 915 0.6915
2 700 916 0.692575
2 700 917 0.690225
2 700 918 0.68905
2 700 919 0.689875
2 700 920 0.690025
2 700 921 0.690275
2 700 922 0.6894
2 700 923 0.69455
2 700 924 0.68775
2 700 925 0.68405
2 700 926 0.6866
2 700 927 0.690375
2 700 928 0.688475
2 700 929 0.6873
2 700 930 0.687625
2 700 931 0.688225
2 700 932 0.68635
2 700 933 0.6849
2 700 934 0.688125
2 700 935 0.6827
2 700 936 0.688475
2 700 937 0.685575
2 700 938 0.686925
2 700 939 0.6879
2 700 940 0.684875
2 700 941 0.684725
2 700 942 0.688875
2 700 943 0.68575
2 700 944 0.6832
2 700 945 0.687175
2 700 946 0.68605
2 700 947 0.68515
2 700 948 0.688875
2 700 949 0.684425
2 700 950 0.683225
2 700 951 0.687675
2 700 952 0.683875
2 700 953 0.6829
2 700 954 0.684925
2 700 955 0.684275
2 700 956 0.6806
2 700 957 0.680325
2 700 958 0.679175
2 700 959 0.67905
2 700 960 0.68275
2 700 961 0.68185
2 700 962 0.68205
2 700 963 0.68445
2 700 964 0.681675
2 700 965 0.6834
2 700 966 0.67655
2 700 967 0.6813
2 700 968 0.68125
2 700 969 0.681325
2 700 970 0.67975
2 700 971 0.680575
2 700 972 0.67915
2 700 973 0.67945
2 700 974 0.67715
2 700 975 0.680475
2 700 976 0.678775
2 700 977 0.68325
2 700 978 0.6827
2 700 979 0.679775
2 700 980 0.68
2 700 981 0.6813
2 700 982 0.677
2 700 983 0.676925
2 700 984 0.677175
2 700 985 0.67985
2 700 986 0.678575
2 700 987 0.677075
2 700 988 0.67795
2 700 989 0.67775
2 700 990 0.678275
2 700 991 0.6783
2 700 992 0.677525
2 700 993 0.679475
2 700 994 0.6767
2 700 995 0.678975
2 700 996 0.676725
2 700 997 0.67735
2 700 998 0.67675
2 700 999 0.678975
2 700 1000 0.678125
2 700 1001 0.6787
