1 800 1 0.503103
1 800 2 0.533825
1 800 3 0.558125
1 800 4 0.5706
1 800 5 0.579125
1 800 6 0.59105
1 800 7 0.600975
1 800 8 0.6063
1 800 9 0.614375
1 800 10 0.6201
1 800 11 0.6289
1 800 12 0.6321
1 800 13 0.638775
1 800 14 0.638125
1 800 15 0.64425
1 800 16 0.64225
1 800 17 0.6487
1 800 18 0.648725
1 800 19 0.649125
1 800 20 0.653925
1 800 21 0.6594
1 800 22 0.662325
1 800 23 0.662975
1 800 24 0.6713
1 800 25 0.66995
1 800 26 0.66515
1 800 27 0.6712
1 800 28 0.671075
1 800 29 0.6764
1 800 30 0.6741
1 800 31 0.667
1 800 32 0.6691
1 800 33 0.667275
1 800 34 0.677825
1 800 35 0.672875
1 800 36 0.671925
1 800 37 0.678325
1 800 38 0.678975
1 800 39 0.67545
1 800 40 0.68035
1 800 41 0.679975
1 800 42 0.68425
1 800 43 0.682275
1 800 44 0.676
1 800 45 0.678525
1 800 46 0.680675
1 800 47 0.681325
1 800 48 0.6879
1 800 49 0.687775
1 800 50 0.686525
1 800 51 0.688175
1 800 52 0.68635
1 800 53 0.6872
1 800 54 0.687025
1 800 55 0.687
1 800 56 0.688275
1 800 57 0.6937
1 800 58 0.690975
1 800 59 0.691925
1 800 60 0.693425
1 800 61 0.69205
1 800 62 0.69635
1 800 63 0.698625
1 800 64 0.6934
1 800 65 0.691825
1 800 66 0.6934
1 800 67 0.6913
1 800 68 0.689375
1 800 69 0.68915
1 800 70 0.684325
1 800 71 0.6852
1 800 72 0.6819
1 800 73 0.681725
1 800 74 0.685225
1 800 75 0.68525
1 800 76 0.682125
1 800 77 0.6837
1 800 78 0.6834
1 800 79 0.680475
1 800 80 0.677775
1 800 81 0.67685
1 800 82 0.67815
1 800 83 0.672825
1 800 84 0.67435
1 800 85 0.676325
1 800 86 0.673075
1 800 87 0.677525
1 800 88 0.675175
1 800 89 0.67705
1 800 90 0.673275
1 800 91 0.6815
1 800 92 0.673625
1 800 93 0.675025
1 800 94 0.6817
1 800 95 0.68505
1 800 96 0.683625
1 800 97 0.6846
1 800 98 0.686975
1 800 99 0.68615
1 800 100 0.687575
1 800 101 0.691925
1 800 102 0.694175
1 800 103 0.6935
1 800 104 0.694975
1 800 105 0.69335
1 800 106 0.69985
1 800 107 0.6944
1 800 108 0.697425
1 800 109 0.698725
1 800 110 0.698275
1 800 111 0.703275
1 800 112 0.702825
1 800 113 0.700725
1 800 114 0.706975
1 800 115 0.7039
1 800 116 0.69935
1 800 117 0.701975
1 800 118 0.699325
1 800 119 0.696525
1 800 120 0.700025
1 800 121 0.698625
1 800 122 0.6962
1 800 123 0.695175
1 800 124 0.6996
1 800 125 0.702675
1 800 126 0.700575
1 800 127 0.70075
1 800 128 0.7014
1 800 129 0.703375
1 800 130 0.70185
1 800 131 0.70075
1 800 132 0.702025
1 800 133 0.705975
1 800 134 0.7008
1 800 135 0.701575
1 800 136 0.702625
1 800 137 0.704975
1 800 138 0.703925
1 800 139 0.70225
1 800 140 0.704425
1 800 141 0.705375
1 800 142 0.70595
1 800 143 0.7028
1 800 144 0.70405
1 800 145 0.702575
1 800 146 0.7029
1 800 147 0.704875
1 800 148 0.7025
1 800 149 0.705125
1 800 150 0.70265
1 800 151 0.70215
1 800 152 0.703525
1 800 153 0.699675
1 800 154 0.706
1 800 155 0.707475
1 800 156 0.7048
1 800 157 0.704125
1 800 158 0.7014
1 800 159 0.70345
1 800 160 0.70305
1 800 161 0.703825
1 800 162 0.70295
1 800 163 0.704125
1 800 164 0.7027
1 800 165 0.7009
1 800 166 0.70475
1 800 167 0.7036
1 800 168 0.699075
1 800 169 0.6972
1 800 170 0.6979
1 800 171 0.700625
1 800 172 0.70135
1 800 173 0.699325
1 800 174 0.695075
1 800 175 0.696175
1 800 176 0.697075
1 800 177 0.69505
1 800 178 0.697125
1 800 179 0.69275
1 800 180 0.694875
1 800 181 0.692725
1 800 182 0.6932
1 800 183 0.692825
1 800 184 0.695225
1 800 185 0.69515
1 800 186 0.69435
1 800 187 0.695875
1 800 188 0.691025
1 800 189 0.686375
1 800 190 0.6893
1 800 191 0.68925
1 800 192 0.69025
1 800 193 0.688475
1 800 194 0.691725
1 800 195 0.68375
1 800 196 0.68795
1 800 197 0.684425
1 800 198 0.68405
1 800 199 0.683725
1 800 200 0.6827
1 800 201 0.681725
1 800 202 0.684675
1 800 203 0.68385
1 800 204 0.685975
1 800 205 0.679825
1 800 206 0.68805
1 800 207 0.684725
1 800 208 0.683925
1 800 209 0.68335
1 800 210 0.68495
1 800 211 0.687675
1 800 212 0.689425
1 800 213 0.6878
1 800 214 0.6888
1 800 215 0.68405
1 800 216 0.689225
1 800 217 0.6846
1 800 218 0.688075
1 800 219 0.688675
1 800 220 0.68925
1 800 221 0.68975
1 800 222 0.689525
1 800 223 0.6882
1 800 224 0.6921
1 800 225 0.687475
1 800 226 0.688675
1 800 227 0.693525
1 800 228 0.6932
1 800 229 0.69385
1 800 230 0.6866
1 800 231 0.69215
1 800 232 0.689025
1 800 233 0.6895
1 800 234 0.6897
1 800 235 0.69265
1 800 236 0.69165
1 800 237 0.692875
1 800 238 0.6943
1 800 239 0.689375
1 800 240 0.695575
1 800 241 0.694825
1 800 242 0.692575
1 800 243 0.69655
1 800 244 0.695075
1 800 245 0.700525
1 800 246 0.695575
1 800 247 0.69685
1 800 248 0.695175
1 800 249 0.69575
1 800 250 0.698575
1 800 251 0.700275
1 800 252 0.702775
1 800 253 0.698275
1 800 254 0.695725
1 800 255 0.6976
1 800 256 0.694825
1 800 257 0.695725
1 800 258 0.699275
1 800 259 0.701725
1 800 260 0.699475
1 800 261 0.697925
1 800 262 0.693475
1 800 263 0.697875
1 800 264 0.692025
1 800 265 0.700825
1 800 266 0.69625
1 800 267 0.694375
1 800 268 0.69715
1 800 269 0.69375
1 800 270 0.6925
1 800 271 0.697175
1 800 272 0.6944
1 800 273 0.697325
1 800 274 0.69635
1 800 275 0.693225
1 800 276 0.6925
1 800 277 0.696975
1 800 278 0.697675
1 800 279 0.694725
1 800 280 0.69635
1 800 281 0.693075
1 800 282 0.690875
1 800 283 0.695225
1 800 284 0.69035
1 800 285 0.69515
1 800 286 0.692
1 800 287 0.68915
1 800 288 0.68925
1 800 289 0.691875
1 800 290 0.69075
1 800 291 0.690775
1 800 292 0.694375
1 800 293 0.693225
1 800 294 0.685075
1 800 295 0.68985
1 800 296 0.68785
1 800 297 0.687125
1 800 298 0.6884
1 800 299 0.686625
1 800 300 0.68335
1 800 301 0.684575
1 800 302 0.68675
1 800 303 0.688175
1 800 304 0.6854
1 800 305 0.685875
1 800 306 0.684525
1 800 307 0.685675
1 800 308 0.67805
1 800 309 0.68115
1 800 310 0.683675
1 800 311 0.6847
1 800 312 0.68315
1 800 313 0.681975
1 800 314 0.683175
1 800 315 0.682425
1 800 316 0.67975
1 800 317 0.684275
1 800 318 0.679475
1 800 319 0.681725
1 800 320 0.681175
1 800 321 0.676775
1 800 322 0.679625
1 800 323 0.677225
1 800 324 0.675475
1 800 325 0.67845
1 800 326 0.679075
1 800 327 0.679225
1 800 328 0.680525
1 800 329 0.680825
1 800 330 0.682625
1 800 331 0.678975
1 800 332 0.679575
1 800 333 0.680475
1 800 334 0.678625
1 800 335 0.676025
1 800 336 0.683325
1 800 337 0.68015
1 800 338 0.68325
1 800 339 0.67795
1 800 340 0.6838
1 800 341 0.680325
1 800 342 0.6819
1 800 343 0.682725
1 800 344 0.684075
1 800 345 0.6849
1 800 346 0.682425
1 800 347 0.687075
1 800 348 0.683325
1 800 349 0.6885
1 800 350 0.686075
1 800 351 0.6894
1 800 352 0.6849
1 800 353 0.6863
1 800 354 0.682425
1 800 355 0.682175
1 800 356 0.688875
1 800 357 0.6951
1 800 358 0.686275
1 800 359 0.68965
1 800 360 0.6896
1 800 361 0.692375
1 800 362 0.69
1 800 363 0.6945
1 800 364 0.69155
1 800 365 0.6916
1 800 366 0.692475
1 800 367 0.695525
1 800 368 0.69385
1 800 369 0.692625
1 800 370 0.692025
1 800 371 0.693725
1 800 372 0.6981
1 800 373 0.692875
1 800 374 0.698075
1 800 375 0.694175
1 800 376 0.6968
1 800 377 0.700025
1 800 378 0.69895
1 800 379 0.69835
1 800 380 0.704425
1 800 381 0.69955
1 800 382 0.701075
1 800 383 0.6991
1 800 384 0.703025
1 800 385 0.703375
1 800 386 0.7002
1 800 387 0.70265
1 800 388 0.7056
1 800 389 0.704125
1 800 390 0.704
1 800 391 0.70285
1 800 392 0.705275
1 800 393 0.707225
1 800 394 0.707325
1 800 395 0.71055
1 800 396 0.70555
1 800 397 0.705975
1 800 398 0.707225
1 800 399 0.7052
1 800 400 0.708675
1 800 401 0.710775
1 800 402 0.71075
1 800 403 0.70755
1 800 404 0.7107
1 800 405 0.708175
1 800 406 0.70975
1 800 407 0.70795
1 800 408 0.7113
1 800 409 0.7109
1 800 410 0.7112
1 800 411 0.71425
1 800 412 0.712325
1 800 413 0.711825
1 800 414 0.708975
1 800 415 0.708175
1 800 416 0.7076
1 800 417 0.7135
1 800 418 0.71105
1 800 419 0.710825
1 800 420 0.70915
1 800 421 0.710325
1 800 422 0.7119
1 800 423 0.71245
1 800 424 0.715075
1 800 425 0.71245
1 800 426 0.712075
1 800 427 0.71535
1 800 428 0.714175
1 800 429 0.7125
1 800 430 0.71195
1 800 431 0.71095
1 800 432 0.7144
1 800 433 0.711425
1 800 434 0.7128
1 800 435 0.714575
1 800 436 0.710225
1 800 437 0.7158
1 800 438 0.715425
1 800 439 0.7129
1 800 440 0.711125
1 800 441 0.711425
1 800 442 0.714225
1 800 443 0.715275
1 800 444 0.714025
1 800 445 0.716675
1 800 446 0.714425
1 800 447 0.7158
1 800 448 0.720275
1 800 449 0.7164
1 800 450 0.7172
1 800 451 0.71885
1 800 452 0.714075
1 800 453 0.7178
1 800 454 0.7135
1 800 455 0.71675
1 800 456 0.717575
1 800 457 0.715925
1 800 458 0.716225
1 800 459 0.717275
1 800 460 0.7176
1 800 461 0.717125
1 800 462 0.71495
1 800 463 0.720075
1 800 464 0.71815
1 800 465 0.718325
1 800 466 0.72035
1 800 467 0.71675
1 800 468 0.719075
1 800 469 0.721425
1 800 470 0.72
1 800 471 0.7187
1 800 472 0.721275
1 800 473 0.71985
1 800 474 0.71945
1 800 475 0.72185
1 800 476 0.72385
1 800 477 0.72335
1 800 478 0.7228
1 800 479 0.72035
1 800 480 0.721125
1 800 481 0.724075
1 800 482 0.7264
1 800 483 0.722875
1 800 484 0.72145
1 800 485 0.72345
1 800 486 0.722225
1 800 487 0.726375
1 800 488 0.726825
1 800 489 0.721975
1 800 490 0.723575
1 800 491 0.72385
1 800 492 0.72565
1 800 493 0.7245
1 800 494 0.725175
1 800 495 0.728825
1 800 496 0.726725
1 800 497 0.726525
1 800 498 0.72815
1 800 499 0.727275
1 800 500 0.72785
1 800 501 0.728425
1 800 502 0.72965
1 800 503 0.72675
1 800 504 0.728725
1 800 505 0.730575
1 800 506 0.7277
1 800 507 0.726975
1 800 508 0.7272
1 800 509 0.726725
1 800 510 0.72765
1 800 511 0.72985
1 800 512 0.727375
1 800 513 0.72895
1 800 514 0.72865
1 800 515 0.7267
1 800 516 0.730975
1 800 517 0.7283
1 800 518 0.728975
1 800 519 0.729825
1 800 520 0.730925
1 800 521 0.73115
1 800 522 0.72745
1 800 523 0.72795
1 800 524 0.729775
1 800 525 0.7289
1 800 526 0.731925
1 800 527 0.726975
1 800 528 0.727
1 800 529 0.729275
1 800 530 0.729575
1 800 531 0.73195
1 800 532 0.728225
1 800 533 0.7311
1 800 534 0.729525
1 800 535 0.7286
1 800 536 0.73085
1 800 537 0.73025
1 800 538 0.72935
1 800 539 0.72675
1 800 540 0.727425
1 800 541 0.728525
1 800 542 0.730825
1 800 543 0.725775
1 800 544 0.732075
1 800 545 0.72995
1 800 546 0.728175
1 800 547 0.730975
1 800 548 0.72655
1 800 549 0.7314
1 800 550 0.73
1 800 551 0.728925
1 800 552 0.729625
1 800 553 0.727675
1 800 554 0.727825
1 800 555 0.72745
1 800 556 0.730775
1 800 557 0.730275
1 800 558 0.729275
1 800 559 0.7277
1 800 560 0.72885
1 800 561 0.728375
1 800 562 0.729225
1 800 563 0.73195
1 800 564 0.7277
1 800 565 0.7278
1 800 566 0.729925
1 800 567 0.72645
1 800 568 0.730625
1 800 569 0.726975
1 800 570 0.72995
1 800 571 0.727775
1 800 572 0.73005
1 800 573 0.7296
1 800 574 0.7305
1 800 575 0.729
1 800 576 0.729925
1 800 577 0.729175
1 800 578 0.73115
1 800 579 0.72725
1 800 580 0.729975
1 800 581 0.7309
1 800 582 0.726825
1 800 583 0.732075
1 800 584 0.7301
1 800 585 0.731575
1 800 586 0.730425
1 800 587 0.730275
1 800 588 0.729375
1 800 589 0.7292
1 800 590 0.72915
1 800 591 0.728075
1 800 592 0.725825
1 800 593 0.7312
1 800 594 0.728175
1 800 595 0.733475
1 800 596 0.7314
1 800 597 0.728875
1 800 598 0.729075
1 800 599 0.72825
1 800 600 0.73
1 800 601 0.731125
1 800 602 0.732425
1 800 603 0.732575
1 800 604 0.7289
1 800 605 0.73
1 800 606 0.72805
1 800 607 0.72665
1 800 608 0.7323
1 800 609 0.730425
1 800 610 0.73255
1 800 611 0.731075
1 800 612 0.731825
1 800 613 0.730025
1 800 614 0.73195
1 800 615 0.73245
1 800 616 0.734225
1 800 617 0.731325
1 800 618 0.729325
1 800 619 0.730875
1 800 620 0.72885
1 800 621 0.7339
1 800 622 0.7309
1 800 623 0.7317
1 800 624 0.72895
1 800 625 0.733425
1 800 626 0.730625
1 800 627 0.7335
1 800 628 0.732325
1 800 629 0.729275
1 800 630 0.7338
1 800 631 0.731525
1 800 632 0.731025
1 800 633 0.732375
1 800 634 0.7313
1 800 635 0.7302
1 800 636 0.73305
1 800 637 0.730975
1 800 638 0.732325
1 800 639 0.7289
1 800 640 0.732025
1 800 641 0.731625
1 800 642 0.728975
1 800 643 0.73215
1 800 644 0.7339
1 800 645 0.7313
1 800 646 0.7315
1 800 647 0.729225
1 800 648 0.730425
1 800 649 0.7331
1 800 650 0.73025
1 800 651 0.730775
1 800 652 0.7276
1 800 653 0.732825
1 800 654 0.729275
1 800 655 0.7332
1 800 656 0.730775
1 800 657 0.72845
1 800 658 0.733275
1 800 659 0.73055
1 800 660 0.729025
1 800 661 0.72905
1 800 662 0.733375
1 800 663 0.731225
1 800 664 0.730075
1 800 665 0.728125
1 800 666 0.732525
1 800 667 0.730075
1 800 668 0.729175
1 800 669 0.7326
1 800 670 0.731675
1 800 671 0.730625
1 800 672 0.729875
1 800 673 0.728525
1 800 674 0.73005
1 800 675 0.727275
1 800 676 0.729525
1 800 677 0.73175
1 800 678 0.72985
1 800 679 0.7299
1 800 680 0.73085
1 800 681 0.7282
1 800 682 0.7272
1 800 683 0.732975
1 800 684 0.727875
1 800 685 0.7306
1 800 686 0.728225
1 800 687 0.73025
1 800 688 0.732125
1 800 689 0.731175
1 800 690 0.730425
1 800 691 0.7291
1 800 692 0.733925
1 800 693 0.731975
1 800 694 0.73145
1 800 695 0.727425
1 800 696 0.728925
1 800 697 0.73065
1 800 698 0.731725
1 800 699 0.7284
1 800 700 0.732775
1 800 701 0.730325
1 800 702 0.72945
1 800 703 0.728975
1 800 704 0.726725
1 800 705 0.731175
1 800 706 0.732025
1 800 707 0.73135
1 800 708 0.730825
1 800 709 0.73255
1 800 710 0.7325
1 800 711 0.73265
1 800 712 0.72795
1 800 713 0.729775
1 800 714 0.729025
1 800 715 0.730725
1 800 716 0.730525
1 800 717 0.72955
1 800 718 0.728625
1 800 719 0.73185
1 800 720 0.72805
1 800 721 0.72865
1 800 722 0.731775
1 800 723 0.73205
1 800 724 0.73305
1 800 725 0.730975
1 800 726 0.734
1 800 727 0.730775
1 800 728 0.730725
1 800 729 0.73185
1 800 730 0.7271
1 800 731 0.732725
1 800 732 0.730075
1 800 733 0.733725
1 800 734 0.72915
1 800 735 0.730675
1 800 736 0.7304
1 800 737 0.730075
1 800 738 0.7274
1 800 739 0.731925
1 800 740 0.73295
1 800 741 0.7304
1 800 742 0.73095
1 800 743 0.727125
1 800 744 0.7298
1 800 745 0.729375
1 800 746 0.73265
1 800 747 0.729825
1 800 748 0.730575
1 800 749 0.7288
1 800 750 0.7309
1 800 751 0.728925
1 800 752 0.7293
1 800 753 0.72835
1 800 754 0.729925
1 800 755 0.72525
1 800 756 0.731
1 800 757 0.727
1 800 758 0.73005
1 800 759 0.73065
1 800 760 0.729825
1 800 761 0.731625
1 800 762 0.73005
1 800 763 0.72675
1 800 764 0.729975
1 800 765 0.72705
1 800 766 0.728575
1 800 767 0.72855
1 800 768 0.728375
1 800 769 0.73185
1 800 770 0.728675
1 800 771 0.73325
1 800 772 0.730175
1 800 773 0.7343
1 800 774 0.728775
1 800 775 0.72925
1 800 776 0.727925
1 800 777 0.73155
1 800 778 0.73095
1 800 779 0.729075
1 800 780 0.7319
1 800 781 0.727875
1 800 782 0.731475
1 800 783 0.729775
1 800 784 0.7292
1 800 785 0.729025
1 800 786 0.7307
1 800 787 0.731925
1 800 788 0.730675
1 800 789 0.730875
1 800 790 0.73
1 800 791 0.730125
1 800 792 0.731425
1 800 793 0.731575
1 800 794 0.72975
1 800 795 0.7346
1 800 796 0.7316
1 800 797 0.730375
1 800 798 0.728225
1 800 799 0.731625
1 800 800 0.730875
1 800 801 0.7327
1 800 802 0.731725
1 800 803 0.727575
1 800 804 0.7289
1 800 805 0.7315
1 800 806 0.7295
1 800 807 0.73245
1 800 808 0.7319
1 800 809 0.72795
1 800 810 0.724675
1 800 811 0.7265
1 800 812 0.7269
1 800 813 0.7251
1 800 814 0.727
1 800 815 0.72705
1 800 816 0.724825
1 800 817 0.72665
1 800 818 0.726675
1 800 819 0.7291
1 800 820 0.7258
1 800 821 0.725575
1 800 822 0.727875
1 800 823 0.726425
1 800 824 0.725125
1 800 825 0.726875
1 800 826 0.723525
1 800 827 0.72605
1 800 828 0.72435
1 800 829 0.727525
1 800 830 0.726075
1 800 831 0.7283
1 800 832 0.723275
1 800 833 0.720825
1 800 834 0.721725
1 800 835 0.7186
1 800 836 0.7252
1 800 837 0.7262
1 800 838 0.72215
1 800 839 0.72295
1 800 840 0.7265
1 800 841 0.721825
1 800 842 0.7223
1 800 843 0.7232
1 800 844 0.7224
1 800 845 0.722925
1 800 846 0.72255
1 800 847 0.715725
1 800 848 0.718725
1 800 849 0.7214
1 800 850 0.7209
1 800 851 0.717975
1 800 852 0.719575
1 800 853 0.72085
1 800 854 0.718625
1 800 855 0.717025
1 800 856 0.720825
1 800 857 0.717925
1 800 858 0.718125
1 800 859 0.720175
1 800 860 0.719325
1 800 861 0.721075
1 800 862 0.7232
1 800 863 0.71685
1 800 864 0.716375
1 800 865 0.7164
1 800 866 0.715275
1 800 867 0.715025
1 800 868 0.714175
1 800 869 0.7147
1 800 870 0.71985
1 800 871 0.715925
1 800 872 0.714025
1 800 873 0.716075
1 800 874 0.7154
1 800 875 0.714725
1 800 876 0.7125
1 800 877 0.7148
1 800 878 0.714625
1 800 879 0.7144
1 800 880 0.709275
1 800 881 0.7125
1 800 882 0.71185
1 800 883 0.7127
1 800 884 0.71005
1 800 885 0.716725
1 800 886 0.715025
1 800 887 0.710825
1 800 888 0.710575
1 800 889 0.7079
1 800 890 0.711
1 800 891 0.7109
1 800 892 0.711
1 800 893 0.7117
1 800 894 0.710225
1 800 895 0.707125
1 800 896 0.71005
1 800 897 0.710225
1 800 898 0.713
1 800 899 0.7098
1 800 900 0.709725
1 800 901 0.710175
1 800 902 0.709925
1 800 903 0.709675
1 800 904 0.7066
1 800 905 0.708625
1 800 906 0.707875
1 800 907 0.70445
1 800 908 0.70975
1 800 909 0.70925
1 800 910 0.70865
1 800 911 0.7079
1 800 912 0.70505
1 800 913 0.706275
1 800 914 0.70465
1 800 915 0.706275
1 800 916 0.70815
1 800 917 0.708175
1 800 918 0.70435
1 800 919 0.7047
1 800 920 0.706125
1 800 921 0.70235
1 800 922 0.702225
1 800 923 0.704075
1 800 924 0.703875
1 800 925 0.703325
1 800 926 0.702775
1 800 927 0.701775
1 800 928 0.70525
1 800 929 0.703475
1 800 930 0.70315
1 800 931 0.7023
1 800 932 0.7025
1 800 933 0.702575
1 800 934 0.7024
1 800 935 0.699225
1 800 936 0.6982
1 800 937 0.6994
1 800 938 0.698525
1 800 939 0.698275
1 800 940 0.698225
1 800 941 0.6987
1 800 942 0.700725
1 800 943 0.6987
1 800 944 0.697025
1 800 945 0.698425
1 800 946 0.698225
1 800 947 0.69885
1 800 948 0.697375
1 800 949 0.697625
1 800 950 0.69735
1 800 951 0.69865
1 800 952 0.700525
1 800 953 0.698775
1 800 954 0.696875
1 800 955 0.695675
1 800 956 0.697225
1 800 957 0.697475
1 800 958 0.697925
1 800 959 0.695675
1 800 960 0.695475
1 800 961 0.69315
1 800 962 0.69475
1 800 963 0.693875
1 800 964 0.69205
1 800 965 0.69425
1 800 966 0.6931
1 800 967 0.693175
1 800 968 0.6939
1 800 969 0.693325
1 800 970 0.6944
1 800 971 0.6906
1 800 972 0.693875
1 800 973 0.691125
1 800 974 0.6918
1 800 975 0.6921
1 800 976 0.691725
1 800 977 0.6904
1 800 978 0.689375
1 800 979 0.6902
1 800 980 0.690525
1 800 981 0.691075
1 800 982 0.6902
1 800 983 0.6922
1 800 984 0.690275
1 800 985 0.69055
1 800 986 0.6888
1 800 987 0.689425
1 800 988 0.6916
1 800 989 0.689225
1 800 990 0.688975
1 800 991 0.688525
1 800 992 0.690075
1 800 993 0.68985
1 800 994 0.68975
1 800 995 0.68575
1 800 996 0.688375
1 800 997 0.68825
1 800 998 0.68805
1 800 999 0.68985
1 800 1000 0.6891
1 800 1001 0.688125
2 800 1 0.503525
2 800 2 0.528525
2 800 3 0.552675
2 800 4 0.572025
2 800 5 0.579075
2 800 6 0.5945
2 800 7 0.6059
2 800 8 0.6032
2 800 9 0.611475
2 800 10 0.620875
2 800 11 0.628925
2 800 12 0.632
2 800 13 0.641
2 800 14 0.642925
2 800 15 0.638625
2 800 16 0.64435
2 800 17 0.6498
2 800 18 0.650775
2 800 19 0.650025
2 800 20 0.6533
2 800 21 0.653375
2 800 22 0.654
2 800 23 0.66705
2 800 24 0.663525
2 800 25 0.6666
2 800 26 0.66405
2 800 27 0.6708
2 800 28 0.673825
2 800 29 0.66635
2 800 30 0.66955
2 800 31 0.6677
2 800 32 0.6666
2 800 33 0.671225
2 800 34 0.673575
2 800 35 0.674725
2 800 36 0.6716
2 800 37 0.6769
2 800 38 0.682425
2 800 39 0.67965
2 800 40 0.676275
2 800 41 0.682025
2 800 42 0.68195
2 800 43 0.678825
2 800 44 0.678
2 800 45 0.6741
2 800 46 0.68145
2 800 47 0.683725
2 800 48 0.684425
2 800 49 0.684325
2 800 50 0.687825
2 800 51 0.684525
2 800 52 0.68305
2 800 53 0.692925
2 800 54 0.697325
2 800 55 0.690625
2 800 56 0.69
2 800 57 0.697575
2 800 58 0.69115
2 800 59 0.69275
2 800 60 0.6946
2 800 61 0.69195
2 800 62 0.69395
2 800 63 0.69725
2 800 64 0.694025
2 800 65 0.693525
2 800 66 0.688325
2 800 67 0.690975
2 800 68 0.6889
2 800 69 0.68795
2 800 70 0.6843
2 800 71 0.686925
2 800 72 0.681725
2 800 73 0.6815
2 800 74 0.6865
2 800 75 0.68305
2 800 76 0.686
2 800 77 0.682625
2 800 78 0.6828
2 800 79 0.68305
2 800 80 0.68205
2 800 81 0.676875
2 800 82 0.677325
2 800 83 0.674875
2 800 84 0.67515
2 800 85 0.674975
2 800 86 0.673725
2 800 87 0.6746
2 800 88 0.675375
2 800 89 0.672825
2 800 90 0.6758
2 800 91 0.678625
2 800 92 0.678925
2 800 93 0.679525
2 800 94 0.680475
2 800 95 0.6861
2 800 96 0.680575
2 800 97 0.68365
2 800 98 0.690125
2 800 99 0.68955
2 800 100 0.691125
2 800 101 0.694125
2 800 102 0.692025
2 800 103 0.6934
2 800 104 0.69195
2 800 105 0.696875
2 800 106 0.6945
2 800 107 0.69685
2 800 108 0.6972
2 800 109 0.7017
2 800 110 0.699325
2 800 111 0.702125
2 800 112 0.7032
2 800 113 0.701575
2 800 114 0.70125
2 800 115 0.699375
2 800 116 0.703875
2 800 117 0.7011
2 800 118 0.695825
2 800 119 0.698975
2 800 120 0.700375
2 800 121 0.7008
2 800 122 0.70105
2 800 123 0.69665
2 800 124 0.698675
2 800 125 0.70155
2 800 126 0.7019
2 800 127 0.7028
2 800 128 0.700375
2 800 129 0.70265
2 800 130 0.703675
2 800 131 0.703775
2 800 132 0.7072
2 800 133 0.701875
2 800 134 0.706025
2 800 135 0.70245
2 800 136 0.703175
2 800 137 0.70255
2 800 138 0.7027
2 800 139 0.703225
2 800 140 0.702175
2 800 141 0.70115
2 800 142 0.702175
2 800 143 0.701175
2 800 144 0.70825
2 800 145 0.702925
2 800 146 0.703975
2 800 147 0.705125
2 800 148 0.7012
2 800 149 0.704925
2 800 150 0.704975
2 800 151 0.706775
2 800 152 0.703175
2 800 153 0.70575
2 800 154 0.703175
2 800 155 0.70965
2 800 156 0.7014
2 800 157 0.7018
2 800 158 0.704025
2 800 159 0.701925
2 800 160 0.70295
2 800 161 0.703225
2 800 162 0.704025
2 800 163 0.703725
2 800 164 0.7001
2 800 165 0.700425
2 800 166 0.700025
2 800 167 0.7032
2 800 168 0.703925
2 800 169 0.700325
2 800 170 0.696925
2 800 171 0.701625
2 800 172 0.695975
2 800 173 0.69915
2 800 174 0.6981
2 800 175 0.693475
2 800 176 0.694875
2 800 177 0.696775
2 800 178 0.694475
2 800 179 0.695625
2 800 180 0.693325
2 800 181 0.6954
2 800 182 0.6938
2 800 183 0.69015
2 800 184 0.693675
2 800 185 0.690575
2 800 186 0.6874
2 800 187 0.6911
2 800 188 0.688225
2 800 189 0.688075
2 800 190 0.691075
2 800 191 0.6871
2 800 192 0.6853
2 800 193 0.688625
2 800 194 0.69
2 800 195 0.691225
2 800 196 0.682625
2 800 197 0.6845
2 800 198 0.68385
2 800 199 0.688325
2 800 200 0.684
2 800 201 0.68285
2 800 202 0.683375
2 800 203 0.683125
2 800 204 0.684375
2 800 205 0.68425
2 800 206 0.6853
2 800 207 0.67975
2 800 208 0.683425
2 800 209 0.6845
2 800 210 0.687025
2 800 211 0.68625
2 800 212 0.68715
2 800 213 0.68285
2 800 214 0.682875
2 800 215 0.688025
2 800 216 0.68835
2 800 217 0.6875
2 800 218 0.6902
2 800 219 0.693025
2 800 220 0.6863
2 800 221 0.689775
2 800 222 0.687975
2 800 223 0.69425
2 800 224 0.68695
2 800 225 0.685275
2 800 226 0.691
2 800 227 0.686775
2 800 228 0.689025
2 800 229 0.693775
2 800 230 0.68885
2 800 231 0.694075
2 800 232 0.692975
2 800 233 0.69525
2 800 234 0.68915
2 800 235 0.697075
2 800 236 0.691325
2 800 237 0.693225
2 800 238 0.6912
2 800 239 0.6917
2 800 240 0.69125
2 800 241 0.6937
2 800 242 0.696275
2 800 243 0.692775
2 800 244 0.696975
2 800 245 0.693575
2 800 246 0.69595
2 800 247 0.696325
2 800 248 0.69235
2 800 249 0.69535
2 800 250 0.694325
2 800 251 0.7003
2 800 252 0.696325
2 800 253 0.696975
2 800 254 0.700875
2 800 255 0.69925
2 800 256 0.69525
2 800 257 0.6992
2 800 258 0.700975
2 800 259 0.699725
2 800 260 0.69545
2 800 261 0.693675
2 800 262 0.698425
2 800 263 0.6962
2 800 264 0.6999
2 800 265 0.698675
2 800 266 0.69775
2 800 267 0.7014
2 800 268 0.697925
2 800 269 0.696125
2 800 270 0.69405
2 800 271 0.698275
2 800 272 0.6948
2 800 273 0.694825
2 800 274 0.689825
2 800 275 0.6915
2 800 276 0.695525
2 800 277 0.694725
2 800 278 0.696
2 800 279 0.69595
2 800 280 0.6937
2 800 281 0.695625
2 800 282 0.69475
2 800 283 0.6922
2 800 284 0.694275
2 800 285 0.689175
2 800 286 0.691675
2 800 287 0.6917
2 800 288 0.6952
2 800 289 0.691125
2 800 290 0.690375
2 800 291 0.69055
2 800 292 0.6926
2 800 293 0.69105
2 800 294 0.687375
2 800 295 0.6906
2 800 296 0.689225
2 800 297 0.69035
2 800 298 0.690425
2 800 299 0.6895
2 800 300 0.682225
2 800 301 0.684925
2 800 302 0.689475
2 800 303 0.68675
2 800 304 0.682225
2 800 305 0.685375
2 800 306 0.68055
2 800 307 0.68975
2 800 308 0.68455
2 800 309 0.68475
2 800 310 0.68655
2 800 311 0.68175
2 800 312 0.678625
2 800 313 0.6828
2 800 314 0.68375
2 800 315 0.6835
2 800 316 0.682175
2 800 317 0.678075
2 800 318 0.68245
2 800 319 0.68135
2 800 320 0.680175
2 800 321 0.6762
2 800 322 0.680075
2 800 323 0.677125
2 800 324 0.6751
2 800 325 0.6784
2 800 326 0.679375
2 800 327 0.679675
2 800 328 0.674975
2 800 329 0.6768
2 800 330 0.6798
2 800 331 0.68025
2 800 332 0.677975
2 800 333 0.676375
2 800 334 0.68105
2 800 335 0.67945
2 800 336 0.6812
2 800 337 0.68035
2 800 338 0.68095
2 800 339 0.679725
2 800 340 0.681725
2 800 341 0.680775
2 800 342 0.684225
2 800 343 0.67985
2 800 344 0.68195
2 800 345 0.686375
2 800 346 0.6895
2 800 347 0.68395
2 800 348 0.68305
2 800 349 0.68645
2 800 350 0.68315
2 800 351 0.68655
2 800 352 0.685975
2 800 353 0.6887
2 800 354 0.688325
2 800 355 0.689375
2 800 356 0.68755
2 800 357 0.687975
2 800 358 0.691575
2 800 359 0.688175
2 800 360 0.688825
2 800 361 0.68755
2 800 362 0.68785
2 800 363 0.689875
2 800 364 0.69215
2 800 365 0.6931
2 800 366 0.68925
2 800 367 0.696275
2 800 368 0.694525
2 800 369 0.692075
2 800 370 0.695625
2 800 371 0.69855
2 800 372 0.69355
2 800 373 0.698475
2 800 374 0.694975
2 800 375 0.696875
2 800 376 0.694375
2 800 377 0.699
2 800 378 0.6998
2 800 379 0.6949
2 800 380 0.69915
2 800 381 0.699525
2 800 382 0.69915
2 800 383 0.703875
2 800 384 0.6995
2 800 385 0.702975
2 800 386 0.702175
2 800 387 0.701425
2 800 388 0.702125
2 800 389 0.704875
2 800 390 0.70175
2 800 391 0.701675
2 800 392 0.704375
2 800 393 0.7115
2 800 394 0.710275
2 800 395 0.707575
2 800 396 0.707375
2 800 397 0.70595
2 800 398 0.7095
2 800 399 0.710225
2 800 400 0.712525
2 800 401 0.71125
2 800 402 0.710775
2 800 403 0.70855
2 800 404 0.71205
2 800 405 0.70765
2 800 406 0.7084
2 800 407 0.70965
2 800 408 0.70765
2 800 409 0.71115
2 800 410 0.71105
2 800 411 0.705525
2 800 412 0.7099
2 800 413 0.7119
2 800 414 0.7116
2 800 415 0.7109
2 800 416 0.713325
2 800 417 0.70935
2 800 418 0.71545
2 800 419 0.7107
2 800 420 0.709675
2 800 421 0.71125
2 800 422 0.709225
2 800 423 0.7137
2 800 424 0.71175
2 800 425 0.709725
2 800 426 0.708575
2 800 427 0.714875
2 800 428 0.71045
2 800 429 0.713275
2 800 430 0.708875
2 800 431 0.71235
2 800 432 0.715125
2 800 433 0.7178
2 800 434 0.715225
2 800 435 0.7141
2 800 436 0.71105
2 800 437 0.71225
2 800 438 0.714625
2 800 439 0.716075
2 800 440 0.714525
2 800 441 0.715075
2 800 442 0.712575
2 800 443 0.71505
2 800 444 0.714125
2 800 445 0.7183
2 800 446 0.714525
2 800 447 0.717025
2 800 448 0.7177
2 800 449 0.71675
2 800 450 0.718625
2 800 451 0.718225
2 800 452 0.72115
2 800 453 0.7195
2 800 454 0.7169
2 800 455 0.714175
2 800 456 0.719725
2 800 457 0.716
2 800 458 0.71715
2 800 459 0.718525
2 800 460 0.719775
2 800 461 0.719025
2 800 462 0.717025
2 800 463 0.715625
2 800 464 0.716525
2 800 465 0.7192
2 800 466 0.72
2 800 467 0.719475
2 800 468 0.719175
2 800 469 0.720075
2 800 470 0.718325
2 800 471 0.723475
2 800 472 0.719875
2 800 473 0.72155
2 800 474 0.720625
2 800 475 0.722875
2 800 476 0.718625
2 800 477 0.72355
2 800 478 0.72435
2 800 479 0.721725
2 800 480 0.721725
2 800 481 0.7246
2 800 482 0.7247
2 800 483 0.7232
2 800 484 0.7214
2 800 485 0.72525
2 800 486 0.723625
2 800 487 0.726625
2 800 488 0.722675
2 800 489 0.725275
2 800 490 0.72315
2 800 491 0.72345
2 800 492 0.726275
2 800 493 0.72345
2 800 494 0.724075
2 800 495 0.725875
2 800 496 0.725925
2 800 497 0.72935
2 800 498 0.732675
2 800 499 0.7292
2 800 500 0.728675
2 800 501 0.7287
2 800 502 0.730425
2 800 503 0.730275
2 800 504 0.727825
2 800 505 0.72985
2 800 506 0.73115
2 800 507 0.729975
2 800 508 0.7281
2 800 509 0.727025
2 800 510 0.731975
2 800 511 0.729025
2 800 512 0.72845
2 800 513 0.72805
2 800 514 0.728225
2 800 515 0.731025
2 800 516 0.7303
2 800 517 0.729575
2 800 518 0.729725
2 800 519 0.72915
2 800 520 0.72775
2 800 521 0.7283
2 800 522 0.730525
2 800 523 0.727875
2 800 524 0.727475
2 800 525 0.7263
2 800 526 0.7288
2 800 527 0.73
2 800 528 0.72795
2 800 529 0.7302
2 800 530 0.729825
2 800 531 0.72815
2 800 532 0.7267
2 800 533 0.7323
2 800 534 0.728525
2 800 535 0.730775
2 800 536 0.7281
2 800 537 0.728675
2 800 538 0.72825
2 800 539 0.7276
2 800 540 0.72845
2 800 541 0.73065
2 800 542 0.729775
2 800 543 0.7308
2 800 544 0.729875
2 800 545 0.729975
2 800 546 0.730325
2 800 547 0.72725
2 800 548 0.73035
2 800 549 0.726875
2 800 550 0.72885
2 800 551 0.72915
2 800 552 0.727925
2 800 553 0.729575
2 800 554 0.726875
2 800 555 0.728875
2 800 556 0.72915
2 800 557 0.728475
2 800 558 0.728425
2 800 559 0.72875
2 800 560 0.7271
2 800 561 0.726575
2 800 562 0.7281
2 800 563 0.728125
2 800 564 0.73335
2 800 565 0.730225
2 800 566 0.728625
2 800 567 0.7295
2 800 568 0.730525
2 800 569 0.73265
2 800 570 0.728625
2 800 571 0.729025
2 800 572 0.728825
2 800 573 0.72905
2 800 574 0.729025
2 800 575 0.726075
2 800 576 0.728125
2 800 577 0.7273
2 800 578 0.7264
2 800 579 0.729175
2 800 580 0.733575
2 800 581 0.7315
2 800 582 0.72785
2 800 583 0.727525
2 800 584 0.728275
2 800 585 0.730575
2 800 586 0.7312
2 800 587 0.7278
2 800 588 0.728225
2 800 589 0.73265
2 800 590 0.7297
2 800 591 0.7276
2 800 592 0.7311
2 800 593 0.7319
2 800 594 0.731925
2 800 595 0.730675
2 800 596 0.72705
2 800 597 0.728925
2 800 598 0.72975
2 800 599 0.72885
2 800 600 0.7303
2 800 601 0.728975
2 800 602 0.725375
2 800 603 0.729875
2 800 604 0.73475
2 800 605 0.731225
2 800 606 0.73115
2 800 607 0.730375
2 800 608 0.729825
2 800 609 0.730975
2 800 610 0.732425
2 800 611 0.7286
2 800 612 0.731725
2 800 613 0.72825
2 800 614 0.732325
2 800 615 0.72905
2 800 616 0.726925
2 800 617 0.73175
2 800 618 0.73355
2 800 619 0.728475
2 800 620 0.7307
2 800 621 0.73045
2 800 622 0.731925
2 800 623 0.730875
2 800 624 0.728775
2 800 625 0.730875
2 800 626 0.7303
2 800 627 0.726775
2 800 628 0.735425
2 800 629 0.7327
2 800 630 0.735075
2 800 631 0.732375
2 800 632 0.728725
2 800 633 0.73215
2 800 634 0.72995
2 800 635 0.72835
2 800 636 0.7316
2 800 637 0.72975
2 800 638 0.729625
2 800 639 0.72995
2 800 640 0.72815
2 800 641 0.731125
2 800 642 0.72855
2 800 643 0.727875
2 800 644 0.72925
2 800 645 0.73125
2 800 646 0.7314
2 800 647 0.7294
2 800 648 0.73295
2 800 649 0.731525
2 800 650 0.732925
2 800 651 0.73045
2 800 652 0.729125
2 800 653 0.731225
2 800 654 0.729125
2 800 655 0.731425
2 800 656 0.730025
2 800 657 0.72565
2 800 658 0.735325
2 800 659 0.731875
2 800 660 0.72945
2 800 661 0.7308
2 800 662 0.728575
2 800 663 0.729825
2 800 664 0.7299
2 800 665 0.732725
2 800 666 0.728825
2 800 667 0.72875
2 800 668 0.7276
2 800 669 0.73255
2 800 670 0.73145
2 800 671 0.73065
2 800 672 0.729375
2 800 673 0.7295
2 800 674 0.727525
2 800 675 0.7307
2 800 676 0.7306
2 800 677 0.72835
2 800 678 0.7299
2 800 679 0.7289
2 800 680 0.7307
2 800 681 0.73185
2 800 682 0.73205
2 800 683 0.731675
2 800 684 0.734025
2 800 685 0.730825
2 800 686 0.732575
2 800 687 0.728575
2 800 688 0.7305
2 800 689 0.7299
2 800 690 0.728375
2 800 691 0.7337
2 800 692 0.729525
2 800 693 0.7291
2 800 694 0.7312
2 800 695 0.72895
2 800 696 0.729175
2 800 697 0.73045
2 800 698 0.730425
2 800 699 0.732575
2 800 700 0.730125
2 800 701 0.72965
2 800 702 0.7309
2 800 703 0.72835
2 800 704 0.72935
2 800 705 0.727425
2 800 706 0.730375
2 800 707 0.7239
2 800 708 0.732825
2 800 709 0.728925
2 800 710 0.730975
2 800 711 0.72985
2 800 712 0.7282
2 800 713 0.730225
2 800 714 0.730075
2 800 715 0.7331
2 800 716 0.728375
2 800 717 0.7309
2 800 718 0.7321
2 800 719 0.731025
2 800 720 0.727225
2 800 721 0.733575
2 800 722 0.7326
2 800 723 0.7289
2 800 724 0.73185
2 800 725 0.7294
2 800 726 0.730525
2 800 727 0.725775
2 800 728 0.731525
2 800 729 0.7302
2 800 730 0.729275
2 800 731 0.73265
2 800 732 0.72835
2 800 733 0.730825
2 800 734 0.727975
2 800 735 0.72845
2 800 736 0.730075
2 800 737 0.73245
2 800 738 0.7304
2 800 739 0.73115
2 800 740 0.732375
2 800 741 0.728975
2 800 742 0.73275
2 800 743 0.7343
2 800 744 0.72925
2 800 745 0.727525
2 800 746 0.732125
2 800 747 0.732675
2 800 748 0.73
2 800 749 0.73245
2 800 750 0.73095
2 800 751 0.731975
2 800 752 0.7293
2 800 753 0.7304
2 800 754 0.729075
2 800 755 0.7297
2 800 756 0.7288
2 800 757 0.730825
2 800 758 0.7308
2 800 759 0.7286
2 800 760 0.730325
2 800 761 0.730925
2 800 762 0.7317
2 800 763 0.7307
2 800 764 0.731575
2 800 765 0.73055
2 800 766 0.72805
2 800 767 0.730775
2 800 768 0.72905
2 800 769 0.73085
2 800 770 0.7345
2 800 771 0.7286
2 800 772 0.725275
2 800 773 0.72775
2 800 774 0.728175
2 800 775 0.729375
2 800 776 0.72685
2 800 777 0.729925
2 800 778 0.731225
2 800 779 0.730425
2 800 780 0.732
2 800 781 0.730525
2 800 782 0.7299
2 800 783 0.730225
2 800 784 0.731075
2 800 785 0.7283
2 800 786 0.7291
2 800 787 0.7308
2 800 788 0.7307
2 800 789 0.73155
2 800 790 0.73425
2 800 791 0.731675
2 800 792 0.7297
2 800 793 0.729175
2 800 794 0.729475
2 800 795 0.729825
2 800 796 0.7308
2 800 797 0.73055
2 800 798 0.730475
2 800 799 0.731425
2 800 800 0.7302
2 800 801 0.7331
2 800 802 0.728825
2 800 803 0.732375
2 800 804 0.728325
2 800 805 0.728575
2 800 806 0.72975
2 800 807 0.73185
2 800 808 0.728075
2 800 809 0.727225
2 800 810 0.72915
2 800 811 0.728975
2 800 812 0.727425
2 800 813 0.72465
2 800 814 0.7284
2 800 815 0.7289
2 800 816 0.7275
2 800 817 0.7293
2 800 818 0.72805
2 800 819 0.7232
2 800 820 0.72815
2 800 821 0.728575
2 800 822 0.725525
2 800 823 0.725125
2 800 824 0.725975
2 800 825 0.728175
2 800 826 0.725125
2 800 827 0.725875
2 800 828 0.720925
2 800 829 0.7249
2 800 830 0.721675
2 800 831 0.724
2 800 832 0.7234
2 800 833 0.72075
2 800 834 0.7212
2 800 835 0.72505
2 800 836 0.7272
2 800 837 0.721875
2 800 838 0.723475
2 800 839 0.72085
2 800 840 0.72145
2 800 841 0.722475
2 800 842 0.720475
2 800 843 0.7204
2 800 844 0.72265
2 800 845 0.72375
2 800 846 0.718975
2 800 847 0.71855
2 800 848 0.716575
2 800 849 0.71935
2 800 850 0.7201
2 800 851 0.72095
2 800 852 0.722525
2 800 853 0.7163
2 800 854 0.7165
2 800 855 0.7171
2 800 856 0.715475
2 800 857 0.72025
2 800 858 0.7193
2 800 859 0.722025
2 800 860 0.716625
2 800 861 0.7184
2 800 862 0.71625
2 800 863 0.714525
2 800 864 0.71945
2 800 865 0.716425
2 800 866 0.716575
2 800 867 0.715525
2 800 868 0.7145
2 800 869 0.715875
2 800 870 0.7142
2 800 871 0.71565
2 800 872 0.71655
2 800 873 0.71705
2 800 874 0.714475
2 800 875 0.715425
2 800 876 0.71205
2 800 877 0.715975
2 800 878 0.712825
2 800 879 0.713425
2 800 880 0.71445
2 800 881 0.711025
2 800 882 0.71385
2 800 883 0.7148
2 800 884 0.71165
2 800 885 0.71025
2 800 886 0.7128
2 800 887 0.71265
2 800 888 0.712675
2 800 889 0.71395
2 800 890 0.704925
2 800 891 0.711875
2 800 892 0.71025
2 800 893 0.706575
2 800 894 0.70905
2 800 895 0.709925
2 800 896 0.707575
2 800 897 0.7106
2 800 898 0.70745
2 800 899 0.707775
2 800 900 0.707775
2 800 901 0.7109
2 800 902 0.70445
2 800 903 0.709025
2 800 904 0.70765
2 800 905 0.7089
2 800 906 0.7076
2 800 907 0.71
2 800 908 0.7111
2 800 909 0.7104
2 800 910 0.7056
2 800 911 0.70815
2 800 912 0.703875
2 800 913 0.7069
2 800 914 0.70305
2 800 915 0.7031
2 800 916 0.70805
2 800 917 0.705875
2 800 918 0.702075
2 800 919 0.70595
2 800 920 0.70525
2 800 921 0.703775
2 800 922 0.70535
2 800 923 0.701375
2 800 924 0.7036
2 800 925 0.698975
2 800 926 0.703325
2 800 927 0.703675
2 800 928 0.705175
2 800 929 0.699375
2 800 930 0.699525
2 800 931 0.699525
2 800 932 0.6981
2 800 933 0.700025
2 800 934 0.701025
2 800 935 0.69705
2 800 936 0.696775
2 800 937 0.70085
2 800 938 0.699725
2 800 939 0.699975
2 800 940 0.700025
2 800 941 0.70105
2 800 942 0.7002
2 800 943 0.700275
2 800 944 0.6957
2 800 945 0.700125
2 800 946 0.699075
2 800 947 0.6975
2 800 948 0.695675
2 800 949 0.6972
2 800 950 0.693225
2 800 951 0.6951
2 800 952 0.697525
2 800 953 0.69805
2 800 954 0.698825
2 800 955 0.696
2 800 956 0.694325
2 800 957 0.697225
2 800 958 0.691925
2 800 959 0.694975
2 800 960 0.69765
2 800 961 0.693075
2 800 962 0.69375
2 800 963 0.694675
2 800 964 0.6932
2 800 965 0.691825
2 800 966 0.695475
2 800 967 0.688475
2 800 968 0.693575
2 800 969 0.6903
2 800 970 0.697275
2 800 971 0.69005
2 800 972 0.6911
2 800 973 0.691075
2 800 974 0.690425
2 800 975 0.6905
2 800 976 0.6882
2 800 977 0.690525
2 800 978 0.69245
2 800 979 0.6905
2 800 980 0.688875
2 800 981 0.68805
2 800 982 0.688625
2 800 983 0.69125
2 800 984 0.688925
2 800 985 0.688625
2 800 986 0.69175
2 800 987 0.69175
2 800 988 0.6909
2 800 989 0.689975
2 800 990 0.686575
2 800 991 0.691475
2 800 992 0.690275
2 800 993 0.68985
2 800 994 0.6898
2 800 995 0.692825
2 800 996 0.68345
2 800 997 0.686075
2 800 998 0.68955
2 800 999 0.69005
2 800 1000 0.688075
2 800 1001 0.686775
