1 900 1 0.501692
1 900 2 0.53295
1 900 3 0.54885
1 900 4 0.57245
1 900 5 0.58515
1 900 6 0.598475
1 900 7 0.6027
1 900 8 0.608
1 900 9 0.610025
1 900 10 0.622725
1 900 11 0.6265
1 900 12 0.628925
1 900 13 0.634475
1 900 14 0.640825
1 900 15 0.647975
1 900 16 0.651675
1 900 17 0.646275
1 900 18 0.650925
1 900 19 0.6512
1 900 20 0.647725
1 900 21 0.66325
1 900 22 0.660675
1 900 23 0.663075
1 900 24 0.66665
1 900 25 0.6677
1 900 26 0.674625
1 900 27 0.67275
1 900 28 0.66945
1 900 29 0.668275
1 900 30 0.676075
1 900 31 0.67885
1 900 32 0.671875
1 900 33 0.6736
1 900 34 0.674
1 900 35 0.68185
1 900 36 0.679
1 900 37 0.6828
1 900 38 0.68235
1 900 39 0.68705
1 900 40 0.685825
1 900 41 0.68305
1 900 42 0.690675
1 900 43 0.68485
1 900 44 0.6857
1 900 45 0.687125
1 900 46 0.6898
1 900 47 0.6915
1 900 48 0.6907
1 900 49 0.697925
1 900 50 0.693
1 900 51 0.691975
1 900 52 0.692425
1 900 53 0.686325
1 900 54 0.686325
1 900 55 0.68975
1 900 56 0.68945
1 900 57 0.69595
1 900 58 0.699725
1 900 59 0.702575
1 900 60 0.701725
1 900 61 0.700625
1 900 62 0.6961
1 900 63 0.701875
1 900 64 0.69785
1 900 65 0.695725
1 900 66 0.69075
1 900 67 0.6956
1 900 68 0.691675
1 900 69 0.691075
1 900 70 0.68975
1 900 71 0.6866
1 900 72 0.6887
1 900 73 0.689525
1 900 74 0.688125
1 900 75 0.682875
1 900 76 0.686325
1 900 77 0.68535
1 900 78 0.6826
1 900 79 0.6818
1 900 80 0.6772
1 900 81 0.678725
1 900 82 0.67865
1 900 83 0.67705
1 900 84 0.677725
1 900 85 0.6779
1 900 86 0.676075
1 900 87 0.678525
1 900 88 0.676425
1 900 89 0.684825
1 900 90 0.685
1 900 91 0.681925
1 900 92 0.68905
1 900 93 0.6878
1 900 94 0.686125
1 900 95 0.68525
1 900 96 0.690175
1 900 97 0.687075
1 900 98 0.692075
1 900 99 0.696625
1 900 100 0.697175
1 900 101 0.695675
1 900 102 0.695825
1 900 103 0.6972
1 900 104 0.695075
1 900 105 0.700625
1 900 106 0.703225
1 900 107 0.70305
1 900 108 0.70085
1 900 109 0.701775
1 900 110 0.7003
1 900 111 0.7031
1 900 112 0.70435
1 900 113 0.708675
1 900 114 0.703825
1 900 115 0.705025
1 900 116 0.7023
1 900 117 0.704025
1 900 118 0.703225
1 900 119 0.698525
1 900 120 0.702525
1 900 121 0.700825
1 900 122 0.70365
1 900 123 0.704975
1 900 124 0.70455
1 900 125 0.70515
1 900 126 0.704
1 900 127 0.712025
1 900 128 0.7073
1 900 129 0.70365
1 900 130 0.704125
1 900 131 0.708725
1 900 132 0.704675
1 900 133 0.70625
1 900 134 0.70885
1 900 135 0.706675
1 900 136 0.7076
1 900 137 0.706275
1 900 138 0.703125
1 900 139 0.7071
1 900 140 0.704625
1 900 141 0.70885
1 900 142 0.7084
1 900 143 0.7105
1 900 144 0.707925
1 900 145 0.7074
1 900 146 0.7088
1 900 147 0.7122
1 900 148 0.7086
1 900 149 0.712225
1 900 150 0.710875
1 900 151 0.7106
1 900 152 0.711025
1 900 153 0.708425
1 900 154 0.70945
1 900 155 0.709025
1 900 156 0.70865
1 900 157 0.706525
1 900 158 0.71205
1 900 159 0.707675
1 900 160 0.71005
1 900 161 0.708875
1 900 162 0.7093
1 900 163 0.71105
1 900 164 0.707975
1 900 165 0.70755
1 900 166 0.7045
1 900 167 0.709675
1 900 168 0.7054
1 900 169 0.70775
1 900 170 0.70715
1 900 171 0.70615
1 900 172 0.706175
1 900 173 0.702625
1 900 174 0.702325
1 900 175 0.704725
1 900 176 0.70465
1 900 177 0.7013
1 900 178 0.6991
1 900 179 0.700275
1 900 180 0.7
1 900 181 0.698975
1 900 182 0.700525
1 900 183 0.6995
1 900 184 0.699425
1 900 185 0.696925
1 900 186 0.6964
1 900 187 0.691725
1 900 188 0.69365
1 900 189 0.696
1 900 190 0.6894
1 900 191 0.694275
1 900 192 0.691725
1 900 193 0.6898
1 900 194 0.69135
1 900 195 0.68805
1 900 196 0.6918
1 900 197 0.6853
1 900 198 0.688475
1 900 199 0.6884
1 900 200 0.68685
1 900 201 0.68865
1 900 202 0.683775
1 900 203 0.688025
1 900 204 0.69
1 900 205 0.68875
1 900 206 0.689525
1 900 207 0.6907
1 900 208 0.688725
1 900 209 0.6878
1 900 210 0.693075
1 900 211 0.692525
1 900 212 0.693875
1 900 213 0.693
1 900 214 0.692875
1 900 215 0.6931
1 900 216 0.69185
1 900 217 0.691875
1 900 218 0.692725
1 900 219 0.694375
1 900 220 0.694725
1 900 221 0.691575
1 900 222 0.69205
1 900 223 0.701875
1 900 224 0.6923
1 900 225 0.69455
1 900 226 0.697375
1 900 227 0.6948
1 900 228 0.69555
1 900 229 0.69145
1 900 230 0.69055
1 900 231 0.69405
1 900 232 0.696725
1 900 233 0.694125
1 900 234 0.691975
1 900 235 0.6988
1 900 236 0.695525
1 900 237 0.696425
1 900 238 0.693225
1 900 239 0.698025
1 900 240 0.696275
1 900 241 0.69495
1 900 242 0.6927
1 900 243 0.701525
1 900 244 0.692525
1 900 245 0.70235
1 900 246 0.69725
1 900 247 0.69755
1 900 248 0.6943
1 900 249 0.7026
1 900 250 0.69815
1 900 251 0.704725
1 900 252 0.701875
1 900 253 0.703575
1 900 254 0.7011
1 900 255 0.700425
1 900 256 0.70445
1 900 257 0.69775
1 900 258 0.697775
1 900 259 0.698625
1 900 260 0.696
1 900 261 0.69835
1 900 262 0.69935
1 900 263 0.6989
1 900 264 0.695875
1 900 265 0.69705
1 900 266 0.6961
1 900 267 0.7002
1 900 268 0.6997
1 900 269 0.696875
1 900 270 0.697075
1 900 271 0.695775
1 900 272 0.6945
1 900 273 0.69315
1 900 274 0.697575
1 900 275 0.68985
1 900 276 0.69365
1 900 277 0.69505
1 900 278 0.692375
1 900 279 0.693875
1 900 280 0.6935
1 900 281 0.690675
1 900 282 0.690425
1 900 283 0.6949
1 900 284 0.692025
1 900 285 0.692075
1 900 286 0.6948
1 900 287 0.69455
1 900 288 0.6897
1 900 289 0.6894
1 900 290 0.690825
1 900 291 0.692525
1 900 292 0.686525
1 900 293 0.688625
1 900 294 0.6893
1 900 295 0.6893
1 900 296 0.690825
1 900 297 0.687075
1 900 298 0.69335
1 900 299 0.689275
1 900 300 0.69005
1 900 301 0.691725
1 900 302 0.6887
1 900 303 0.6897
1 900 304 0.6898
1 900 305 0.687925
1 900 306 0.68825
1 900 307 0.68445
1 900 308 0.685375
1 900 309 0.683625
1 900 310 0.68265
1 900 311 0.683725
1 900 312 0.683775
1 900 313 0.6819
1 900 314 0.681425
1 900 315 0.678775
1 900 316 0.68135
1 900 317 0.681725
1 900 318 0.6816
1 900 319 0.681125
1 900 320 0.681125
1 900 321 0.6792
1 900 322 0.68225
1 900 323 0.683225
1 900 324 0.67725
1 900 325 0.6817
1 900 326 0.67745
1 900 327 0.67925
1 900 328 0.677375
1 900 329 0.67685
1 900 330 0.68075
1 900 331 0.675175
1 900 332 0.676525
1 900 333 0.680175
1 900 334 0.67405
1 900 335 0.680725
1 900 336 0.67565
1 900 337 0.675825
1 900 338 0.681375
1 900 339 0.6829
1 900 340 0.68345
1 900 341 0.68135
1 900 342 0.68145
1 900 343 0.67915
1 900 344 0.680075
1 900 345 0.679075
1 900 346 0.683075
1 900 347 0.6831
1 900 348 0.680575
1 900 349 0.684475
1 900 350 0.6855
1 900 351 0.68455
1 900 352 0.684575
1 900 353 0.6867
1 900 354 0.685025
1 900 355 0.6858
1 900 356 0.686675
1 900 357 0.68725
1 900 358 0.6888
1 900 359 0.6891
1 900 360 0.686775
1 900 361 0.6906
1 900 362 0.690275
1 900 363 0.6899
1 900 364 0.6901
1 900 365 0.688725
1 900 366 0.68845
1 900 367 0.6906
1 900 368 0.692025
1 900 369 0.6948
1 900 370 0.694975
1 900 371 0.69155
1 900 372 0.6959
1 900 373 0.69345
1 900 374 0.695225
1 900 375 0.695875
1 900 376 0.689925
1 900 377 0.690875
1 900 378 0.6987
1 900 379 0.695975
1 900 380 0.697075
1 900 381 0.6976
1 900 382 0.6942
1 900 383 0.695375
1 900 384 0.696275
1 900 385 0.70065
1 900 386 0.69805
1 900 387 0.701375
1 900 388 0.705575
1 900 389 0.700725
1 900 390 0.701925
1 900 391 0.7047
1 900 392 0.6998
1 900 393 0.70315
1 900 394 0.70665
1 900 395 0.70335
1 900 396 0.705775
1 900 397 0.7006
1 900 398 0.70505
1 900 399 0.705825
1 900 400 0.703775
1 900 401 0.70035
1 900 402 0.70845
1 900 403 0.70655
1 900 404 0.707025
1 900 405 0.705525
1 900 406 0.7048
1 900 407 0.711325
1 900 408 0.708775
1 900 409 0.707125
1 900 410 0.710475
1 900 411 0.7107
1 900 412 0.7115
1 900 413 0.71225
1 900 414 0.711125
1 900 415 0.710625
1 900 416 0.7122
1 900 417 0.711575
1 900 418 0.711625
1 900 419 0.711725
1 900 420 0.7172
1 900 421 0.71675
1 900 422 0.7153
1 900 423 0.7156
1 900 424 0.71595
1 900 425 0.717575
1 900 426 0.71725
1 900 427 0.7205
1 900 428 0.719925
1 900 429 0.71905
1 900 430 0.718225
1 900 431 0.7225
1 900 432 0.7226
1 900 433 0.7197
1 900 434 0.723125
1 900 435 0.72255
1 900 436 0.7201
1 900 437 0.721725
1 900 438 0.725
1 900 439 0.723025
1 900 440 0.724175
1 900 441 0.73035
1 900 442 0.728475
1 900 443 0.7263
1 900 444 0.726125
1 900 445 0.729
1 900 446 0.730025
1 900 447 0.7297
1 900 448 0.7314
1 900 449 0.730125
1 900 450 0.73235
1 900 451 0.7316
1 900 452 0.7309
1 900 453 0.728225
1 900 454 0.731125
1 900 455 0.730825
1 900 456 0.729
1 900 457 0.7327
1 900 458 0.732
1 900 459 0.731275
1 900 460 0.727925
1 900 461 0.731375
1 900 462 0.72795
1 900 463 0.73205
1 900 464 0.730525
1 900 465 0.73105
1 900 466 0.73175
1 900 467 0.7343
1 900 468 0.7325
1 900 469 0.7329
1 900 470 0.7312
1 900 471 0.7314
1 900 472 0.73215
1 900 473 0.730275
1 900 474 0.731525
1 900 475 0.73235
1 900 476 0.73175
1 900 477 0.73265
1 900 478 0.733
1 900 479 0.732325
1 900 480 0.734475
1 900 481 0.732275
1 900 482 0.732075
1 900 483 0.732775
1 900 484 0.73735
1 900 485 0.73375
1 900 486 0.737025
1 900 487 0.7336
1 900 488 0.73385
1 900 489 0.735825
1 900 490 0.734075
1 900 491 0.734825
1 900 492 0.73195
1 900 493 0.7363
1 900 494 0.73585
1 900 495 0.73625
1 900 496 0.73635
1 900 497 0.7367
1 900 498 0.738
1 900 499 0.735525
1 900 500 0.7373
1 900 501 0.737425
1 900 502 0.736375
1 900 503 0.74155
1 900 504 0.742075
1 900 505 0.740425
1 900 506 0.739275
1 900 507 0.73755
1 900 508 0.738275
1 900 509 0.73775
1 900 510 0.736575
1 900 511 0.738175
1 900 512 0.740675
1 900 513 0.73945
1 900 514 0.738725
1 900 515 0.740425
1 900 516 0.741625
1 900 517 0.73765
1 900 518 0.7356
1 900 519 0.73955
1 900 520 0.73815
1 900 521 0.738175
1 900 522 0.7359
1 900 523 0.741725
1 900 524 0.7378
1 900 525 0.7408
1 900 526 0.7376
1 900 527 0.74035
1 900 528 0.73755
1 900 529 0.73895
1 900 530 0.7378
1 900 531 0.735325
1 900 532 0.7366
1 900 533 0.7356
1 900 534 0.740425
1 900 535 0.736825
1 900 536 0.7384
1 900 537 0.738375
1 900 538 0.73895
1 900 539 0.73595
1 900 540 0.73715
1 900 541 0.73695
1 900 542 0.737725
1 900 543 0.739275
1 900 544 0.740175
1 900 545 0.737825
1 900 546 0.735775
1 900 547 0.74035
1 900 548 0.737725
1 900 549 0.73795
1 900 550 0.7371
1 900 551 0.73785
1 900 552 0.738025
1 900 553 0.7398
1 900 554 0.739175
1 900 555 0.740275
1 900 556 0.73695
1 900 557 0.73975
1 900 558 0.7398
1 900 559 0.7372
1 900 560 0.739225
1 900 561 0.741575
1 900 562 0.738925
1 900 563 0.73855
1 900 564 0.73865
1 900 565 0.73965
1 900 566 0.738325
1 900 567 0.74325
1 900 568 0.737825
1 900 569 0.73745
1 900 570 0.7392
1 900 571 0.7374
1 900 572 0.73855
1 900 573 0.735375
1 900 574 0.738525
1 900 575 0.739425
1 900 576 0.73995
1 900 577 0.740725
1 900 578 0.739275
1 900 579 0.73525
1 900 580 0.7351
1 900 581 0.738475
1 900 582 0.737025
1 900 583 0.73705
1 900 584 0.7379
1 900 585 0.73815
1 900 586 0.73865
1 900 587 0.740075
1 900 588 0.738175
1 900 589 0.737725
1 900 590 0.740925
1 900 591 0.736925
1 900 592 0.738925
1 900 593 0.737975
1 900 594 0.733925
1 900 595 0.73615
1 900 596 0.736475
1 900 597 0.738525
1 900 598 0.7403
1 900 599 0.739225
1 900 600 0.7441
1 900 601 0.738075
1 900 602 0.740725
1 900 603 0.738725
1 900 604 0.740975
1 900 605 0.740325
1 900 606 0.738025
1 900 607 0.739475
1 900 608 0.739275
1 900 609 0.737625
1 900 610 0.74105
1 900 611 0.74085
1 900 612 0.74035
1 900 613 0.73815
1 900 614 0.737025
1 900 615 0.741125
1 900 616 0.7394
1 900 617 0.7397
1 900 618 0.739775
1 900 619 0.73925
1 900 620 0.739175
1 900 621 0.73995
1 900 622 0.743175
1 900 623 0.735325
1 900 624 0.740125
1 900 625 0.7382
1 900 626 0.73815
1 900 627 0.742675
1 900 628 0.74435
1 900 629 0.73905
1 900 630 0.7419
1 900 631 0.738525
1 900 632 0.7424
1 900 633 0.740275
1 900 634 0.737975
1 900 635 0.7372
1 900 636 0.7379
1 900 637 0.7414
1 900 638 0.7402
1 900 639 0.738575
1 900 640 0.739425
1 900 641 0.74155
1 900 642 0.7397
1 900 643 0.739025
1 900 644 0.7408
1 900 645 0.741525
1 900 646 0.7399
1 900 647 0.73715
1 900 648 0.7395
1 900 649 0.739475
1 900 650 0.7387
1 900 651 0.7366
1 900 652 0.74155
1 900 653 0.73985
1 900 654 0.7396
1 900 655 0.741125
1 900 656 0.7389
1 900 657 0.737325
1 900 658 0.74025
1 900 659 0.740375
1 900 660 0.739225
1 900 661 0.740075
1 900 662 0.740225
1 900 663 0.739825
1 900 664 0.739675
1 900 665 0.737675
1 900 666 0.7372
1 900 667 0.739575
1 900 668 0.7423
1 900 669 0.73735
1 900 670 0.7399
1 900 671 0.73755
1 900 672 0.7403
1 900 673 0.7392
1 900 674 0.739825
1 900 675 0.7377
1 900 676 0.740425
1 900 677 0.742325
1 900 678 0.738375
1 900 679 0.739625
1 900 680 0.7406
1 900 681 0.741925
1 900 682 0.738975
1 900 683 0.7405
1 900 684 0.74065
1 900 685 0.741275
1 900 686 0.74285
1 900 687 0.737675
1 900 688 0.741575
1 900 689 0.739875
1 900 690 0.7382
1 900 691 0.743675
1 900 692 0.744675
1 900 693 0.7408
1 900 694 0.73985
1 900 695 0.74225
1 900 696 0.73965
1 900 697 0.74035
1 900 698 0.737775
1 900 699 0.7413
1 900 700 0.741375
1 900 701 0.739525
1 900 702 0.7388
1 900 703 0.743075
1 900 704 0.74025
1 900 705 0.740275
1 900 706 0.740775
1 900 707 0.74005
1 900 708 0.74155
1 900 709 0.74085
1 900 710 0.740775
1 900 711 0.740025
1 900 712 0.74235
1 900 713 0.7363
1 900 714 0.74145
1 900 715 0.73435
1 900 716 0.73825
1 900 717 0.73825
1 900 718 0.738475
1 900 719 0.738575
1 900 720 0.739925
1 900 721 0.737375
1 900 722 0.74035
1 900 723 0.7426
1 900 724 0.739175
1 900 725 0.739975
1 900 726 0.742525
1 900 727 0.738875
1 900 728 0.73985
1 900 729 0.7421
1 900 730 0.741725
1 900 731 0.7381
1 900 732 0.73825
1 900 733 0.738175
1 900 734 0.74325
1 900 735 0.743875
1 900 736 0.739225
1 900 737 0.739775
1 900 738 0.738025
1 900 739 0.7391
1 900 740 0.7371
1 900 741 0.73715
1 900 742 0.735775
1 900 743 0.73915
1 900 744 0.740475
1 900 745 0.739775
1 900 746 0.7381
1 900 747 0.740775
1 900 748 0.739
1 900 749 0.736525
1 900 750 0.737925
1 900 751 0.7397
1 900 752 0.738925
1 900 753 0.739975
1 900 754 0.739525
1 900 755 0.740025
1 900 756 0.7393
1 900 757 0.735675
1 900 758 0.736275
1 900 759 0.738225
1 900 760 0.73875
1 900 761 0.734725
1 900 762 0.7376
1 900 763 0.73345
1 900 764 0.737325
1 900 765 0.73825
1 900 766 0.7385
1 900 767 0.738975
1 900 768 0.736725
1 900 769 0.7389
1 900 770 0.738875
1 900 771 0.735625
1 900 772 0.736925
1 900 773 0.736325
1 900 774 0.737
1 900 775 0.738125
1 900 776 0.736475
1 900 777 0.73585
1 900 778 0.7417
1 900 779 0.7396
1 900 780 0.738125
1 900 781 0.737725
1 900 782 0.73345
1 900 783 0.7343
1 900 784 0.73495
1 900 785 0.738
1 900 786 0.73645
1 900 787 0.73905
1 900 788 0.734375
1 900 789 0.736925
1 900 790 0.7332
1 900 791 0.733325
1 900 792 0.73485
1 900 793 0.732575
1 900 794 0.7369
1 900 795 0.733025
1 900 796 0.73495
1 900 797 0.73905
1 900 798 0.73375
1 900 799 0.7327
1 900 800 0.7363
1 900 801 0.73745
1 900 802 0.737225
1 900 803 0.736475
1 900 804 0.737775
1 900 805 0.73495
1 900 806 0.736875
1 900 807 0.733575
1 900 808 0.733475
1 900 809 0.73315
1 900 810 0.730425
1 900 811 0.736075
1 900 812 0.73255
1 900 813 0.73385
1 900 814 0.73425
1 900 815 0.73425
1 900 816 0.73405
1 900 817 0.73455
1 900 818 0.7336
1 900 819 0.73445
1 900 820 0.7328
1 900 821 0.733525
1 900 822 0.733925
1 900 823 0.7339
1 900 824 0.731175
1 900 825 0.73515
1 900 826 0.7359
1 900 827 0.736425
1 900 828 0.733875
1 900 829 0.73095
1 900 830 0.734175
1 900 831 0.73515
1 900 832 0.733825
1 900 833 0.733875
1 900 834 0.73045
1 900 835 0.732175
1 900 836 0.732725
1 900 837 0.734375
1 900 838 0.732125
1 900 839 0.7322
1 900 840 0.735325
1 900 841 0.7336
1 900 842 0.728775
1 900 843 0.731625
1 900 844 0.7288
1 900 845 0.73195
1 900 846 0.73235
1 900 847 0.7328
1 900 848 0.72965
1 900 849 0.728275
1 900 850 0.7274
1 900 851 0.7326
1 900 852 0.733925
1 900 853 0.731475
1 900 854 0.731175
1 900 855 0.730725
1 900 856 0.730075
1 900 857 0.732475
1 900 858 0.73055
1 900 859 0.730625
1 900 860 0.73215
1 900 861 0.7351
1 900 862 0.73395
1 900 863 0.7318
1 900 864 0.7298
1 900 865 0.7309
1 900 866 0.732025
1 900 867 0.732825
1 900 868 0.733625
1 900 869 0.731025
1 900 870 0.7286
1 900 871 0.72815
1 900 872 0.733875
1 900 873 0.731425
1 900 874 0.73125
1 900 875 0.7321
1 900 876 0.72985
1 900 877 0.73005
1 900 878 0.73285
1 900 879 0.730975
1 900 880 0.73185
1 900 881 0.729225
1 900 882 0.7313
1 900 883 0.727725
1 900 884 0.732675
1 900 885 0.730725
1 900 886 0.732925
1 900 887 0.73165
1 900 888 0.728875
1 900 889 0.727525
1 900 890 0.733025
1 900 891 0.73015
1 900 892 0.73155
1 900 893 0.731725
1 900 894 0.732525
1 900 895 0.728725
1 900 896 0.7316
1 900 897 0.730875
1 900 898 0.727575
1 900 899 0.731025
1 900 900 0.729625
1 900 901 0.729125
1 900 902 0.730375
1 900 903 0.72885
1 900 904 0.729475
1 900 905 0.72685
1 900 906 0.726125
1 900 907 0.730375
1 900 908 0.727875
1 900 909 0.72895
1 900 910 0.7291
1 900 911 0.72765
1 900 912 0.7275
1 900 913 0.7255
1 900 914 0.725175
1 900 915 0.726925
1 900 916 0.724825
1 900 917 0.7257
1 900 918 0.72245
1 900 919 0.724775
1 900 920 0.72385
1 900 921 0.7222
1 900 922 0.72285
1 900 923 0.7247
1 900 924 0.72615
1 900 925 0.72045
1 900 926 0.7225
1 900 927 0.72175
1 900 928 0.721425
1 900 929 0.7232
1 900 930 0.72325
1 900 931 0.722225
1 900 932 0.7231
1 900 933 0.7215
1 900 934 0.720325
1 900 935 0.7207
1 900 936 0.719525
1 900 937 0.721725
1 900 938 0.71855
1 900 939 0.718225
1 900 940 0.7181
1 900 941 0.718825
1 900 942 0.714475
1 900 943 0.720925
1 900 944 0.716725
1 900 945 0.714525
1 900 946 0.71585
1 900 947 0.7164
1 900 948 0.716075
1 900 949 0.713525
1 900 950 0.714525
1 900 951 0.71435
1 900 952 0.713
1 900 953 0.717775
1 900 954 0.715625
1 900 955 0.71215
1 900 956 0.7114
1 900 957 0.71345
1 900 958 0.71525
1 900 959 0.713625
1 900 960 0.7137
1 900 961 0.7155
1 900 962 0.716375
1 900 963 0.709275
1 900 964 0.7157
1 900 965 0.711875
1 900 966 0.70685
1 900 967 0.71395
1 900 968 0.712325
1 900 969 0.711175
1 900 970 0.7112
1 900 971 0.7086
1 900 972 0.712625
1 900 973 0.7121
1 900 974 0.707925
1 900 975 0.707575
1 900 976 0.7088
1 900 977 0.711725
1 900 978 0.706625
1 900 979 0.709775
1 900 980 0.707175
1 900 981 0.70875
1 900 982 0.71015
1 900 983 0.706475
1 900 984 0.70665
1 900 985 0.708125
1 900 986 0.70415
1 900 987 0.7088
1 900 988 0.703375
1 900 989 0.702875
1 900 990 0.70505
1 900 991 0.70375
1 900 992 0.7064
1 900 993 0.70275
1 900 994 0.7073
1 900 995 0.703225
1 900 996 0.703975
1 900 997 0.702625
1 900 998 0.7042
1 900 999 0.705775
1 900 1000 0.7045
1 900 1001 0.7027
2 900 1 0.495575
2 900 2 0.53265
2 900 3 0.55785
2 900 4 0.572225
2 900 5 0.580225
2 900 6 0.597325
2 900 7 0.6068
2 900 8 0.60485
2 900 9 0.616325
2 900 10 0.62085
2 900 11 0.6288
2 900 12 0.626225
2 900 13 0.638625
2 900 14 0.64385
2 900 15 0.641875
2 900 16 0.650825
2 900 17 0.651575
2 900 18 0.65435
2 900 19 0.6572
2 900 20 0.66025
2 900 21 0.660025
2 900 22 0.65485
2 900 23 0.6645
2 900 24 0.667375
2 900 25 0.666075
2 900 26 0.668375
2 900 27 0.67375
2 900 28 0.675725
2 900 29 0.670025
2 900 30 0.6704
2 900 31 0.670675
2 900 32 0.672525
2 900 33 0.67165
2 900 34 0.67845
2 900 35 0.677775
2 900 36 0.67975
2 900 37 0.6864
2 900 38 0.68565
2 900 39 0.68595
2 900 40 0.6847
2 900 41 0.68175
2 900 42 0.684275
2 900 43 0.6841
2 900 44 0.681925
2 900 45 0.68525
2 900 46 0.69095
2 900 47 0.692675
2 900 48 0.6929
2 900 49 0.691525
2 900 50 0.692475
2 900 51 0.6868
2 900 52 0.689775
2 900 53 0.69035
2 900 54 0.68755
2 900 55 0.68445
2 900 56 0.69035
2 900 57 0.69485
2 900 58 0.69215
2 900 59 0.7035
2 900 60 0.7047
2 900 61 0.701
2 900 62 0.705075
2 900 63 0.69705
2 900 64 0.6986
2 900 65 0.689375
2 900 66 0.6945
2 900 67 0.6944
2 900 68 0.689175
2 900 69 0.68955
2 900 70 0.69165
2 900 71 0.68915
2 900 72 0.689475
2 900 73 0.689825
2 900 74 0.694875
2 900 75 0.68975
2 900 76 0.68155
2 900 77 0.687525
2 900 78 0.684075
2 900 79 0.6779
2 900 80 0.680875
2 900 81 0.675975
2 900 82 0.676425
2 900 83 0.67605
2 900 84 0.678875
2 900 85 0.676575
2 900 86 0.67925
2 900 87 0.67955
2 900 88 0.679725
2 900 89 0.679375
2 900 90 0.685875
2 900 91 0.684625
2 900 92 0.683575
2 900 93 0.685525
2 900 94 0.681875
2 900 95 0.692075
2 900 96 0.68795
2 900 97 0.687875
2 900 98 0.687175
2 900 99 0.69475
2 900 100 0.6961
2 900 101 0.699275
2 900 102 0.69675
2 900 103 0.69085
2 900 104 0.700275
2 900 105 0.699275
2 900 106 0.697675
2 900 107 0.700125
2 900 108 0.6988
2 900 109 0.69955
2 900 110 0.703025
2 900 111 0.705375
2 900 112 0.708625
2 900 113 0.7026
2 900 114 0.705975
2 900 115 0.707375
2 900 116 0.704325
2 900 117 0.70435
2 900 118 0.70305
2 900 119 0.703225
2 900 120 0.704675
2 900 121 0.70515
2 900 122 0.702425
2 900 123 0.70285
2 900 124 0.704025
2 900 125 0.703175
2 900 126 0.702925
2 900 127 0.7057
2 900 128 0.709575
2 900 129 0.7059
2 900 130 0.70665
2 900 131 0.707175
2 900 132 0.704525
2 900 133 0.706325
2 900 134 0.706375
2 900 135 0.70845
2 900 136 0.7082
2 900 137 0.704125
2 900 138 0.70575
2 900 139 0.70655
2 900 140 0.707525
2 900 141 0.70655
2 900 142 0.71015
2 900 143 0.708625
2 900 144 0.70785
2 900 145 0.70465
2 900 146 0.711525
2 900 147 0.70785
2 900 148 0.711675
2 900 149 0.71005
2 900 150 0.70775
2 900 151 0.70675
2 900 152 0.710025
2 900 153 0.70905
2 900 154 0.709675
2 900 155 0.708575
2 900 156 0.7113
2 900 157 0.7114
2 900 158 0.710825
2 900 159 0.71025
2 900 160 0.708025
2 900 161 0.711575
2 900 162 0.711225
2 900 163 0.71105
2 900 164 0.706575
2 900 165 0.708775
2 900 166 0.708625
2 900 167 0.70825
2 900 168 0.7076
2 900 169 0.7088
2 900 170 0.707025
2 900 171 0.7067
2 900 172 0.7033
2 900 173 0.707075
2 900 174 0.706075
2 900 175 0.703875
2 900 176 0.70245
2 900 177 0.701725
2 900 178 0.69875
2 900 179 0.6988
2 900 180 0.69975
2 900 181 0.69865
2 900 182 0.701125
2 900 183 0.697175
2 900 184 0.70055
2 900 185 0.696275
2 900 186 0.69605
2 900 187 0.697725
2 900 188 0.696075
2 900 189 0.69435
2 900 190 0.69475
2 900 191 0.697075
2 900 192 0.6894
2 900 193 0.691825
2 900 194 0.690225
2 900 195 0.69335
2 900 196 0.6911
2 900 197 0.687875
2 900 198 0.691625
2 900 199 0.6841
2 900 200 0.686
2 900 201 0.687725
2 900 202 0.68805
2 900 203 0.688775
2 900 204 0.6878
2 900 205 0.68955
2 900 206 0.688975
2 900 207 0.68955
2 900 208 0.68995
2 900 209 0.6912
2 900 210 0.68765
2 900 211 0.689275
2 900 212 0.69345
2 900 213 0.691225
2 900 214 0.695675
2 900 215 0.691425
2 900 216 0.690675
2 900 217 0.689825
2 900 218 0.686825
2 900 219 0.693825
2 900 220 0.694525
2 900 221 0.6898
2 900 222 0.68955
2 900 223 0.692775
2 900 224 0.697925
2 900 225 0.690175
2 900 226 0.6935
2 900 227 0.69145
2 900 228 0.69365
2 900 229 0.6969
2 900 230 0.689
2 900 231 0.6928
2 900 232 0.69355
2 900 233 0.693375
2 900 234 0.69125
2 900 235 0.693175
2 900 236 0.69235
2 900 237 0.694425
2 900 238 0.6973
2 900 239 0.691225
2 900 240 0.69155
2 900 241 0.69845
2 900 242 0.69375
2 900 243 0.696875
2 900 244 0.69445
2 900 245 0.698475
2 900 246 0.69805
2 900 247 0.70195
2 900 248 0.6987
2 900 249 0.696875
2 900 250 0.70195
2 900 251 0.69935
2 900 252 0.701475
2 900 253 0.701725
2 900 254 0.7021
2 900 255 0.7024
2 900 256 0.699875
2 900 257 0.698175
2 900 258 0.70005
2 900 259 0.7
2 900 260 0.69735
2 900 261 0.699225
2 900 262 0.6979
2 900 263 0.700675
2 900 264 0.700675
2 900 265 0.69735
2 900 266 0.69705
2 900 267 0.697825
2 900 268 0.694125
2 900 269 0.696475
2 900 270 0.694475
2 900 271 0.700225
2 900 272 0.693275
2 900 273 0.6952
2 900 274 0.7016
2 900 275 0.692925
2 900 276 0.696425
2 900 277 0.6942
2 900 278 0.695325
2 900 279 0.694275
2 900 280 0.695675
2 900 281 0.6924
2 900 282 0.6911
2 900 283 0.691425
2 900 284 0.6944
2 900 285 0.691775
2 900 286 0.69405
2 900 287 0.690675
2 900 288 0.694175
2 900 289 0.6905
2 900 290 0.688925
2 900 291 0.69415
2 900 292 0.69455
2 900 293 0.68875
2 900 294 0.687725
2 900 295 0.691275
2 900 296 0.6869
2 900 297 0.684725
2 900 298 0.69145
2 900 299 0.6898
2 900 300 0.6871
2 900 301 0.68995
2 900 302 0.68125
2 900 303 0.6859
2 900 304 0.68545
2 900 305 0.6898
2 900 306 0.6868
2 900 307 0.684225
2 900 308 0.688375
2 900 309 0.686825
2 900 310 0.686
2 900 311 0.681575
2 900 312 0.6808
2 900 313 0.6815
2 900 314 0.680825
2 900 315 0.680725
2 900 316 0.682025
2 900 317 0.682725
2 900 318 0.68085
2 900 319 0.67895
2 900 320 0.683025
2 900 321 0.675625
2 900 322 0.676875
2 900 323 0.679625
2 900 324 0.681175
2 900 325 0.67955
2 900 326 0.67835
2 900 327 0.67325
2 900 328 0.67285
2 900 329 0.67295
2 900 330 0.67685
2 900 331 0.67595
2 900 332 0.68055
2 900 333 0.677675
2 900 334 0.677175
2 900 335 0.6792
2 900 336 0.6795
2 900 337 0.677425
2 900 338 0.6738
2 900 339 0.677275
2 900 340 0.680975
2 900 341 0.678
2 900 342 0.67885
2 900 343 0.6813
2 900 344 0.68265
2 900 345 0.680125
2 900 346 0.68205
2 900 347 0.68245
2 900 348 0.6839
2 900 349 0.68045
2 900 350 0.68335
2 900 351 0.682725
2 900 352 0.68245
2 900 353 0.6856
2 900 354 0.6849
2 900 355 0.687375
2 900 356 0.688375
2 900 357 0.686675
2 900 358 0.68675
2 900 359 0.68655
2 900 360 0.6866
2 900 361 0.691475
2 900 362 0.6899
2 900 363 0.686375
2 900 364 0.686625
2 900 365 0.690225
2 900 366 0.688025
2 900 367 0.68985
2 900 368 0.692925
2 900 369 0.6898
2 900 370 0.69215
2 900 371 0.692375
2 900 372 0.693475
2 900 373 0.69605
2 900 374 0.694775
2 900 375 0.696475
2 900 376 0.697675
2 900 377 0.69475
2 900 378 0.69595
2 900 379 0.694475
2 900 380 0.69725
2 900 381 0.69505
2 900 382 0.6972
2 900 383 0.693825
2 900 384 0.694425
2 900 385 0.70035
2 900 386 0.69775
2 900 387 0.7011
2 900 388 0.700175
2 900 389 0.702175
2 900 390 0.703025
2 900 391 0.705125
2 900 392 0.703325
2 900 393 0.700125
2 900 394 0.7041
2 900 395 0.7031
2 900 396 0.704225
2 900 397 0.70365
2 900 398 0.704775
2 900 399 0.701725
2 900 400 0.703625
2 900 401 0.704425
2 900 402 0.706475
2 900 403 0.706925
2 900 404 0.7107
2 900 405 0.705825
2 900 406 0.70675
2 900 407 0.709125
2 900 408 0.704225
2 900 409 0.7129
2 900 410 0.71135
2 900 411 0.71165
2 900 412 0.71
2 900 413 0.714625
2 900 414 0.714275
2 900 415 0.714425
2 900 416 0.710975
2 900 417 0.712425
2 900 418 0.7132
2 900 419 0.7168
2 900 420 0.7154
2 900 421 0.716975
2 900 422 0.719475
2 900 423 0.713325
2 900 424 0.71415
2 900 425 0.7184
2 900 426 0.720075
2 900 427 0.717525
2 900 428 0.7169
2 900 429 0.7194
2 900 430 0.7132
2 900 431 0.714
2 900 432 0.718225
2 900 433 0.719825
2 900 434 0.723425
2 900 435 0.72275
2 900 436 0.7212
2 900 437 0.7198
2 900 438 0.721775
2 900 439 0.72115
2 900 440 0.720575
2 900 441 0.7261
2 900 442 0.725125
2 900 443 0.722775
2 900 444 0.725375
2 900 445 0.7265
2 900 446 0.7271
2 900 447 0.7322
2 900 448 0.725725
2 900 449 0.728
2 900 450 0.7275
2 900 451 0.730475
2 900 452 0.73185
2 900 453 0.731375
2 900 454 0.730875
2 900 455 0.7331
2 900 456 0.73195
2 900 457 0.727025
2 900 458 0.732775
2 900 459 0.730025
2 900 460 0.730775
2 900 461 0.73565
2 900 462 0.729975
2 900 463 0.73035
2 900 464 0.733
2 900 465 0.733225
2 900 466 0.732225
2 900 467 0.729425
2 900 468 0.729225
2 900 469 0.731375
2 900 470 0.731875
2 900 471 0.73155
2 900 472 0.733325
2 900 473 0.73075
2 900 474 0.733125
2 900 475 0.733925
2 900 476 0.732575
2 900 477 0.730475
2 900 478 0.731625
2 900 479 0.729175
2 900 480 0.7322
2 900 481 0.737125
2 900 482 0.7316
2 900 483 0.734275
2 900 484 0.731725
2 900 485 0.733925
2 900 486 0.737475
2 900 487 0.733425
2 900 488 0.735325
2 900 489 0.73735
2 900 490 0.734075
2 900 491 0.731925
2 900 492 0.733225
2 900 493 0.734975
2 900 494 0.734975
2 900 495 0.7355
2 900 496 0.736075
2 900 497 0.73775
2 900 498 0.7378
2 900 499 0.736725
2 900 500 0.7395
2 900 501 0.736325
2 900 502 0.737525
2 900 503 0.738875
2 900 504 0.737625
2 900 505 0.738275
2 900 506 0.737475
2 900 507 0.73895
2 900 508 0.742075
2 900 509 0.7374
2 900 510 0.7382
2 900 511 0.738675
2 900 512 0.7382
2 900 513 0.738125
2 900 514 0.739275
2 900 515 0.738475
2 900 516 0.738075
2 900 517 0.7406
2 900 518 0.735825
2 900 519 0.740175
2 900 520 0.73745
2 900 521 0.7395
2 900 522 0.74205
2 900 523 0.740275
2 900 524 0.738725
2 900 525 0.7398
2 900 526 0.73565
2 900 527 0.73945
2 900 528 0.736025
2 900 529 0.739425
2 900 530 0.739725
2 900 531 0.74065
2 900 532 0.737025
2 900 533 0.7396
2 900 534 0.7422
2 900 535 0.73925
2 900 536 0.7417
2 900 537 0.74165
2 900 538 0.736225
2 900 539 0.738925
2 900 540 0.738975
2 900 541 0.738775
2 900 542 0.739625
2 900 543 0.73435
2 900 544 0.739525
2 900 545 0.74025
2 900 546 0.7373
2 900 547 0.7379
2 900 548 0.7386
2 900 549 0.737875
2 900 550 0.7361
2 900 551 0.736275
2 900 552 0.736075
2 900 553 0.738475
2 900 554 0.739875
2 900 555 0.7399
2 900 556 0.739725
2 900 557 0.737375
2 900 558 0.738
2 900 559 0.73695
2 900 560 0.738
2 900 561 0.7389
2 900 562 0.738575
2 900 563 0.73785
2 900 564 0.73745
2 900 565 0.73915
2 900 566 0.73895
2 900 567 0.741
2 900 568 0.7407
2 900 569 0.74065
2 900 570 0.740675
2 900 571 0.73985
2 900 572 0.739075
2 900 573 0.739925
2 900 574 0.73685
2 900 575 0.73795
2 900 576 0.7369
2 900 577 0.7425
2 900 578 0.740225
2 900 579 0.740825
2 900 580 0.738525
2 900 581 0.7378
2 900 582 0.73985
2 900 583 0.742725
2 900 584 0.738
2 900 585 0.741475
2 900 586 0.74035
2 900 587 0.7366
2 900 588 0.7367
2 900 589 0.7379
2 900 590 0.737325
2 900 591 0.73945
2 900 592 0.73715
2 900 593 0.736925
2 900 594 0.73845
2 900 595 0.740125
2 900 596 0.739125
2 900 597 0.738925
2 900 598 0.742275
2 900 599 0.73815
2 900 600 0.738425
2 900 601 0.7373
2 900 602 0.7401
2 900 603 0.739525
2 900 604 0.741025
2 900 605 0.7401
2 900 606 0.737325
2 900 607 0.736675
2 900 608 0.739825
2 900 609 0.73905
2 900 610 0.739425
2 900 611 0.74035
2 900 612 0.738
2 900 613 0.7381
2 900 614 0.7401
2 900 615 0.737625
2 900 616 0.737225
2 900 617 0.737975
2 900 618 0.73805
2 900 619 0.73915
2 900 620 0.7386
2 900 621 0.73725
2 900 622 0.7393
2 900 623 0.7385
2 900 624 0.739575
2 900 625 0.740175
2 900 626 0.74065
2 900 627 0.741725
2 900 628 0.74115
2 900 629 0.742675
2 900 630 0.740875
2 900 631 0.737775
2 900 632 0.74035
2 900 633 0.7377
2 900 634 0.736725
2 900 635 0.738275
2 900 636 0.74035
2 900 637 0.74015
2 900 638 0.74065
2 900 639 0.73845
2 900 640 0.737025
2 900 641 0.739375
2 900 642 0.73775
2 900 643 0.738175
2 900 644 0.742225
2 900 645 0.742375
2 900 646 0.740875
2 900 647 0.7378
2 900 648 0.7389
2 900 649 0.739675
2 900 650 0.73525
2 900 651 0.739725
2 900 652 0.741275
2 900 653 0.741825
2 900 654 0.7391
2 900 655 0.740325
2 900 656 0.742525
2 900 657 0.74035
2 900 658 0.7421
2 900 659 0.739575
2 900 660 0.73915
2 900 661 0.739575
2 900 662 0.7377
2 900 663 0.741375
2 900 664 0.74105
2 900 665 0.7382
2 900 666 0.74
2 900 667 0.738325
2 900 668 0.740925
2 900 669 0.740825
2 900 670 0.7387
2 900 671 0.741325
2 900 672 0.738725
2 900 673 0.741525
2 900 674 0.738375
2 900 675 0.741
2 900 676 0.739575
2 900 677 0.740425
2 900 678 0.741275
2 900 679 0.741275
2 900 680 0.739525
2 900 681 0.7389
2 900 682 0.7426
2 900 683 0.740475
2 900 684 0.740525
2 900 685 0.741475
2 900 686 0.737825
2 900 687 0.74155
2 900 688 0.739775
2 900 689 0.74075
2 900 690 0.74035
2 900 691 0.739025
2 900 692 0.742275
2 900 693 0.74185
2 900 694 0.741225
2 900 695 0.7377
2 900 696 0.7436
2 900 697 0.739425
2 900 698 0.741375
2 900 699 0.7397
2 900 700 0.741625
2 900 701 0.742275
2 900 702 0.740775
2 900 703 0.74525
2 900 704 0.744925
2 900 705 0.7433
2 900 706 0.741125
2 900 707 0.73875
2 900 708 0.739825
2 900 709 0.742025
2 900 710 0.7372
2 900 711 0.741425
2 900 712 0.742225
2 900 713 0.742625
2 900 714 0.740625
2 900 715 0.743175
2 900 716 0.73935
2 900 717 0.73995
2 900 718 0.737325
2 900 719 0.73945
2 900 720 0.73815
2 900 721 0.7414
2 900 722 0.740075
2 900 723 0.73905
2 900 724 0.73935
2 900 725 0.739875
2 900 726 0.7405
2 900 727 0.7402
2 900 728 0.7401
2 900 729 0.7392
2 900 730 0.73785
2 900 731 0.7394
2 900 732 0.7381
2 900 733 0.74135
2 900 734 0.73985
2 900 735 0.73865
2 900 736 0.7377
2 900 737 0.738225
2 900 738 0.73805
2 900 739 0.74215
2 900 740 0.7372
2 900 741 0.740825
2 900 742 0.739625
2 900 743 0.73905
2 900 744 0.7374
2 900 745 0.734975
2 900 746 0.7386
2 900 747 0.738275
2 900 748 0.74305
2 900 749 0.7338
2 900 750 0.73855
2 900 751 0.738575
2 900 752 0.73845
2 900 753 0.737775
2 900 754 0.73815
2 900 755 0.735475
2 900 756 0.73895
2 900 757 0.736275
2 900 758 0.739125
2 900 759 0.739775
2 900 760 0.741725
2 900 761 0.7375
2 900 762 0.73895
2 900 763 0.7373
2 900 764 0.7376
2 900 765 0.740325
2 900 766 0.7363
2 900 767 0.73695
2 900 768 0.73615
2 900 769 0.738875
2 900 770 0.739375
2 900 771 0.737325
2 900 772 0.739975
2 900 773 0.736525
2 900 774 0.73655
2 900 775 0.738525
2 900 776 0.7372
2 900 777 0.73745
2 900 778 0.734425
2 900 779 0.73705
2 900 780 0.7396
2 900 781 0.73495
2 900 782 0.7334
2 900 783 0.7347
2 900 784 0.736
2 900 785 0.73745
2 900 786 0.738575
2 900 787 0.7378
2 900 788 0.73715
2 900 789 0.73895
2 900 790 0.73915
2 900 791 0.733675
2 900 792 0.73385
2 900 793 0.735525
2 900 794 0.738675
2 900 795 0.733875
2 900 796 0.7326
2 900 797 0.734325
2 900 798 0.733125
2 900 799 0.73545
2 900 800 0.736025
2 900 801 0.734325
2 900 802 0.735475
2 900 803 0.735275
2 900 804 0.735425
2 900 805 0.731425
2 900 806 0.73555
2 900 807 0.7375
2 900 808 0.734075
2 900 809 0.73795
2 900 810 0.733325
2 900 811 0.73155
2 900 812 0.732075
2 900 813 0.730925
2 900 814 0.733225
2 900 815 0.737975
2 900 816 0.734475
2 900 817 0.7361
2 900 818 0.7325
2 900 819 0.734725
2 900 820 0.731925
2 900 821 0.733425
2 900 822 0.7341
2 900 823 0.733325
2 900 824 0.732725
2 900 825 0.7352
2 900 826 0.73515
2 900 827 0.733975
2 900 828 0.735325
2 900 829 0.732875
2 900 830 0.732725
2 900 831 0.732175
2 900 832 0.7287
2 900 833 0.731625
2 900 834 0.731175
2 900 835 0.731125
2 900 836 0.73165
2 900 837 0.730825
2 900 838 0.731575
2 900 839 0.73155
2 900 840 0.727725
2 900 841 0.7342
2 900 842 0.730375
2 900 843 0.73575
2 900 844 0.730375
2 900 845 0.728975
2 900 846 0.732625
2 900 847 0.72745
2 900 848 0.73255
2 900 849 0.72955
2 900 850 0.731
2 900 851 0.733075
2 900 852 0.733075
2 900 853 0.7308
2 900 854 0.732425
2 900 855 0.734525
2 900 856 0.7322
2 900 857 0.730725
2 900 858 0.730775
2 900 859 0.728375
2 900 860 0.73
2 900 861 0.73255
2 900 862 0.73025
2 900 863 0.72875
2 900 864 0.7286
2 900 865 0.732125
2 900 866 0.732
2 900 867 0.7269
2 900 868 0.735775
2 900 869 0.728925
2 900 870 0.73325
2 900 871 0.72965
2 900 872 0.730075
2 900 873 0.72635
2 900 874 0.7297
2 900 875 0.729875
2 900 876 0.7309
2 900 877 0.73215
2 900 878 0.729475
2 900 879 0.727475
2 900 880 0.7302
2 900 881 0.73305
2 900 882 0.72885
2 900 883 0.73075
2 900 884 0.73095
2 900 885 0.727775
2 900 886 0.73125
2 900 887 0.729525
2 900 888 0.72885
2 900 889 0.72845
2 900 890 0.7299
2 900 891 0.731375
2 900 892 0.7276
2 900 893 0.7304
2 900 894 0.7321
2 900 895 0.729925
2 900 896 0.728025
2 900 897 0.732125
2 900 898 0.7297
2 900 899 0.730275
2 900 900 0.7311
2 900 901 0.731925
2 900 902 0.73235
2 900 903 0.7317
2 900 904 0.730175
2 900 905 0.7261
2 900 906 0.727275
2 900 907 0.7295
2 900 908 0.730725
2 900 909 0.727875
2 900 910 0.7303
2 900 911 0.72815
2 900 912 0.724275
2 900 913 0.726925
2 900 914 0.728775
2 900 915 0.730075
2 900 916 0.728375
2 900 917 0.7267
2 900 918 0.724475
2 900 919 0.725375
2 900 920 0.726975
2 900 921 0.723725
2 900 922 0.727
2 900 923 0.723525
2 900 924 0.72465
2 900 925 0.7212
2 900 926 0.72465
2 900 927 0.724475
2 900 928 0.723125
2 900 929 0.7221
2 900 930 0.723925
2 900 931 0.721175
2 900 932 0.724675
2 900 933 0.72205
2 900 934 0.720975
2 900 935 0.721225
2 900 936 0.718075
2 900 937 0.718625
2 900 938 0.719925
2 900 939 0.71695
2 900 940 0.720025
2 900 941 0.717225
2 900 942 0.7174
2 900 943 0.718075
2 900 944 0.717175
2 900 945 0.717925
2 900 946 0.716525
2 900 947 0.71455
2 900 948 0.7171
2 900 949 0.71425
2 900 950 0.7179
2 900 951 0.715425
2 900 952 0.715525
2 900 953 0.717425
2 900 954 0.713525
2 900 955 0.71625
2 900 956 0.713975
2 900 957 0.714875
2 900 958 0.712375
2 900 959 0.71725
2 900 960 0.7146
2 900 961 0.7134
2 900 962 0.71245
2 900 963 0.710275
2 900 964 0.7126
2 900 965 0.7095
2 900 966 0.712575
2 900 967 0.71135
2 900 968 0.71125
2 900 969 0.711675
2 900 970 0.70865
2 900 971 0.71255
2 900 972 0.711475
2 900 973 0.7077
2 900 974 0.709825
2 900 975 0.7068
2 900 976 0.7093
2 900 977 0.708425
2 900 978 0.709875
2 900 979 0.7091
2 900 980 0.706525
2 900 981 0.7041
2 900 982 0.70815
2 900 983 0.70715
2 900 984 0.706575
2 900 985 0.703825
2 900 986 0.705575
2 900 987 0.703825
2 900 988 0.705175
2 900 989 0.70425
2 900 990 0.706075
2 900 991 0.7062
2 900 992 0.7064
2 900 993 0.704275
2 900 994 0.70525
2 900 995 0.705225
2 900 996 0.704475
2 900 997 0.707175
2 900 998 0.7087
2 900 999 0.7051
2 900 1000 0.7071
2 900 1001 0.70555
