1 1 1001 0.279436
1 2 1001 0.284725
1 3 1001 0.3779
1 4 1001 0.485475
1 5 1001 0.505725
1 6 1001 0.448725
1 7 1001 0.4477
1 8 1001 0.48285
1 9 1001 0.46475
1 10 1001 0.50195
1 11 1001 0.493325
1 12 1001 0.499725
1 13 1001 0.4935
1 14 1001 0.50195
1 15 1001 0.501325
1 16 1001 0.5003
1 17 1001 0.5133
1 18 1001 0.5197
1 19 1001 0.52435
1 20 1001 0.530025
1 21 1001 0.533775
1 22 1001 0.5336
1 23 1001 0.534475
1 24 1001 0.541825
1 25 1001 0.54385
1 26 1001 0.546175
1 27 1001 0.54005
1 28 1001 0.54045
1 29 1001 0.5377
1 30 1001 0.534625
1 31 1001 0.53415
1 32 1001 0.528
1 33 1001 0.527475
1 34 1001 0.522225
1 35 1001 0.52975
1 36 1001 0.526825
1 37 1001 0.530725
1 38 1001 0.532025
1 39 1001 0.5355
1 40 1001 0.532525
1 41 1001 0.533375
1 42 1001 0.53235
1 43 1001 0.53575
1 44 1001 0.534375
1 45 1001 0.538575
1 46 1001 0.537
1 47 1001 0.54045
1 48 1001 0.5435
1 49 1001 0.543675
1 50 1001 0.5516
1 51 1001 0.546175
1 52 1001 0.55395
1 53 1001 0.551725
1 54 1001 0.554325
1 55 1001 0.554475
1 56 1001 0.559025
1 57 1001 0.558375
1 58 1001 0.560075
1 59 1001 0.560475
1 60 1001 0.5627
1 61 1001 0.560725
1 62 1001 0.557075
1 63 1001 0.560725
1 64 1001 0.5597
1 65 1001 0.56015
1 66 1001 0.56045
1 67 1001 0.560325
1 68 1001 0.5622
1 69 1001 0.5625
1 70 1001 0.557975
1 71 1001 0.55645
1 72 1001 0.55685
1 73 1001 0.56085
1 74 1001 0.5619
1 75 1001 0.5578
1 76 1001 0.5629
1 77 1001 0.558675
1 78 1001 0.562675
1 79 1001 0.563375
1 80 1001 0.558575
1 81 1001 0.56285
1 82 1001 0.566225
1 83 1001 0.56485
1 84 1001 0.5663
1 85 1001 0.5636
1 86 1001 0.5655
1 87 1001 0.5684
1 88 1001 0.5729
1 89 1001 0.569425
1 90 1001 0.57235
1 91 1001 0.574825
1 92 1001 0.574625
1 93 1001 0.5742
1 94 1001 0.57545
1 95 1001 0.57525
1 96 1001 0.57855
1 97 1001 0.57975
1 98 1001 0.58155
1 99 1001 0.5832
1 100 1001 0.57825
1 101 1001 0.584725
1 102 1001 0.5761
1 103 1001 0.581125
1 104 1001 0.5773
1 105 1001 0.580325
1 106 1001 0.581725
1 107 1001 0.579575
1 108 1001 0.578175
1 109 1001 0.57885
1 110 1001 0.5772
1 111 1001 0.57745
1 112 1001 0.57955
1 113 1001 0.575725
1 114 1001 0.574175
1 115 1001 0.573875
1 116 1001 0.5715
1 117 1001 0.574325
1 118 1001 0.57935
1 119 1001 0.5775
1 120 1001 0.578325
1 121 1001 0.580025
1 122 1001 0.576175
1 123 1001 0.58015
1 124 1001 0.581825
1 125 1001 0.581575
1 126 1001 0.58315
1 127 1001 0.578925
1 128 1001 0.58345
1 129 1001 0.5834
1 130 1001 0.586025
1 131 1001 0.581675
1 132 1001 0.583925
1 133 1001 0.58745
1 134 1001 0.588575
1 135 1001 0.58905
1 136 1001 0.5889
1 137 1001 0.58715
1 138 1001 0.59135
1 139 1001 0.590625
1 140 1001 0.5935
1 141 1001 0.592275
1 142 1001 0.592125
1 143 1001 0.592225
1 144 1001 0.59565
1 145 1001 0.5916
1 146 1001 0.5915
1 147 1001 0.594175
1 148 1001 0.593125
1 149 1001 0.5964
1 150 1001 0.59255
1 151 1001 0.592025
1 152 1001 0.599875
1 153 1001 0.59555
1 154 1001 0.595625
1 155 1001 0.5974
1 156 1001 0.595625
1 157 1001 0.592875
1 158 1001 0.59695
1 159 1001 0.598725
1 160 1001 0.592875
1 161 1001 0.594825
1 162 1001 0.596575
1 163 1001 0.596075
1 164 1001 0.598075
1 165 1001 0.5961
1 166 1001 0.6011
1 167 1001 0.602225
1 168 1001 0.596575
1 169 1001 0.59585
1 170 1001 0.59625
1 171 1001 0.596325
1 172 1001 0.598625
1 173 1001 0.59455
1 174 1001 0.597325
1 175 1001 0.60035
1 176 1001 0.599225
1 177 1001 0.597025
1 178 1001 0.6002
1 179 1001 0.599025
1 180 1001 0.599
1 181 1001 0.60045
1 182 1001 0.5978
1 183 1001 0.6
1 184 1001 0.6029
1 185 1001 0.60485
1 186 1001 0.604375
1 187 1001 0.6039
1 188 1001 0.605925
1 189 1001 0.606
1 190 1001 0.60595
1 191 1001 0.607275
1 192 1001 0.609875
1 193 1001 0.610225
1 194 1001 0.60965
1 195 1001 0.607525
1 196 1001 0.6098
1 197 1001 0.606875
1 198 1001 0.609
1 199 1001 0.6108
1 200 1001 0.60645
1 201 1001 0.611875
1 202 1001 0.6093
1 203 1001 0.6094
1 204 1001 0.612125
1 205 1001 0.61035
1 206 1001 0.612
1 207 1001 0.609425
1 208 1001 0.609075
1 209 1001 0.612425
1 210 1001 0.610475
1 211 1001 0.60985
1 212 1001 0.612075
1 213 1001 0.613075
1 214 1001 0.60675
1 215 1001 0.6142
1 216 1001 0.612075
1 217 1001 0.608325
1 218 1001 0.6085
1 219 1001 0.610175
1 220 1001 0.616475
1 221 1001 0.615925
1 222 1001 0.61425
1 223 1001 0.61105
1 224 1001 0.6083
1 225 1001 0.61245
1 226 1001 0.611675
1 227 1001 0.61295
1 228 1001 0.6147
1 229 1001 0.616525
1 230 1001 0.61575
1 231 1001 0.616225
1 232 1001 0.61185
1 233 1001 0.615925
1 234 1001 0.6162
1 235 1001 0.617025
1 236 1001 0.6169
1 237 1001 0.61545
1 238 1001 0.618575
1 239 1001 0.61545
1 240 1001 0.61615
1 241 1001 0.6186
1 242 1001 0.62055
1 243 1001 0.62
1 244 1001 0.6187
1 245 1001 0.622
1 246 1001 0.62115
1 247 1001 0.621225
1 248 1001 0.620425
1 249 1001 0.621725
1 250 1001 0.619
1 251 1001 0.61865
1 252 1001 0.626125
1 253 1001 0.622
1 254 1001 0.61985
1 255 1001 0.623725
1 256 1001 0.624775
1 257 1001 0.623975
1 258 1001 0.6232
1 259 1001 0.619675
1 260 1001 0.6238
1 261 1001 0.6184
1 262 1001 0.621925
1 263 1001 0.623225
1 264 1001 0.622725
1 265 1001 0.6206
1 266 1001 0.62155
1 267 1001 0.621825
1 268 1001 0.62495
1 269 1001 0.623725
1 270 1001 0.62135
1 271 1001 0.62155
1 272 1001 0.62155
1 273 1001 0.623425
1 274 1001 0.6201
1 275 1001 0.626375
1 276 1001 0.62495
1 277 1001 0.623975
1 278 1001 0.627825
1 279 1001 0.6246
1 280 1001 0.624325
1 281 1001 0.62415
1 282 1001 0.626675
1 283 1001 0.62405
1 284 1001 0.623975
1 285 1001 0.624725
1 286 1001 0.624225
1 287 1001 0.626125
1 288 1001 0.625225
1 289 1001 0.625
1 290 1001 0.626
1 291 1001 0.629675
1 292 1001 0.629825
1 293 1001 0.627225
1 294 1001 0.6248
1 295 1001 0.6252
1 296 1001 0.6299
1 297 1001 0.628275
1 298 1001 0.629375
1 299 1001 0.630175
1 300 1001 0.628
1 301 1001 0.62495
1 302 1001 0.62765
1 303 1001 0.630575
1 304 1001 0.6255
1 305 1001 0.63
1 306 1001 0.632175
1 307 1001 0.632825
1 308 1001 0.6303
1 309 1001 0.629475
1 310 1001 0.629925
1 311 1001 0.63445
1 312 1001 0.631475
1 313 1001 0.63235
1 314 1001 0.629
1 315 1001 0.6329
1 316 1001 0.63465
1 317 1001 0.632425
1 318 1001 0.633825
1 319 1001 0.63115
1 320 1001 0.636375
1 321 1001 0.6356
1 322 1001 0.63625
1 323 1001 0.63855
1 324 1001 0.639675
1 325 1001 0.639675
1 326 1001 0.63845
1 327 1001 0.638175
1 328 1001 0.643075
1 329 1001 0.6357
1 330 1001 0.64025
1 331 1001 0.643525
1 332 1001 0.63615
1 333 1001 0.641475
1 334 1001 0.6407
1 335 1001 0.6407
1 336 1001 0.639
1 337 1001 0.64
1 338 1001 0.641425
1 339 1001 0.643025
1 340 1001 0.6385
1 341 1001 0.638375
1 342 1001 0.6422
1 343 1001 0.642175
1 344 1001 0.641825
1 345 1001 0.63915
1 346 1001 0.6406
1 347 1001 0.63935
1 348 1001 0.64255
1 349 1001 0.640325
1 350 1001 0.6428
1 351 1001 0.641625
1 352 1001 0.63985
1 353 1001 0.641375
1 354 1001 0.63915
1 355 1001 0.64075
1 356 1001 0.6437
1 357 1001 0.6411
1 358 1001 0.640575
1 359 1001 0.640425
1 360 1001 0.642825
1 361 1001 0.6409
1 362 1001 0.642975
1 363 1001 0.641025
1 364 1001 0.64395
1 365 1001 0.639075
1 366 1001 0.641525
1 367 1001 0.643375
1 368 1001 0.64195
1 369 1001 0.642525
1 370 1001 0.642925
1 371 1001 0.64295
1 372 1001 0.640425
1 373 1001 0.644075
1 374 1001 0.6445
1 375 1001 0.641975
1 376 1001 0.6399
1 377 1001 0.64485
1 378 1001 0.642525
1 379 1001 0.6392
1 380 1001 0.64315
1 381 1001 0.639575
1 382 1001 0.64035
1 383 1001 0.6419
1 384 1001 0.646075
1 385 1001 0.643775
1 386 1001 0.641175
1 387 1001 0.642175
1 388 1001 0.6427
1 389 1001 0.6442
1 390 1001 0.645675
1 391 1001 0.644075
1 392 1001 0.644175
1 393 1001 0.642075
1 394 1001 0.643925
1 395 1001 0.644725
1 396 1001 0.6485
1 397 1001 0.6458
1 398 1001 0.645775
1 399 1001 0.64595
1 400 1001 0.643975
1 401 1001 0.64645
1 402 1001 0.64685
1 403 1001 0.64665
1 404 1001 0.645275
1 405 1001 0.648675
1 406 1001 0.643925
1 407 1001 0.649475
1 408 1001 0.64385
1 409 1001 0.650475
1 410 1001 0.64565
1 411 1001 0.645775
1 412 1001 0.64585
1 413 1001 0.643025
1 414 1001 0.6467
1 415 1001 0.6431
1 416 1001 0.6476
1 417 1001 0.644875
1 418 1001 0.6455
1 419 1001 0.64935
1 420 1001 0.6496
1 421 1001 0.650025
1 422 1001 0.6498
1 423 1001 0.6492
1 424 1001 0.6494
1 425 1001 0.649675
1 426 1001 0.6452
1 427 1001 0.650875
1 428 1001 0.64775
1 429 1001 0.651725
1 430 1001 0.651275
1 431 1001 0.651575
1 432 1001 0.648275
1 433 1001 0.64685
1 434 1001 0.6519
1 435 1001 0.648875
1 436 1001 0.648325
1 437 1001 0.6485
1 438 1001 0.649075
1 439 1001 0.65365
1 440 1001 0.652425
1 441 1001 0.650125
1 442 1001 0.651375
1 443 1001 0.650725
1 444 1001 0.655025
1 445 1001 0.65095
1 446 1001 0.653525
1 447 1001 0.6516
1 448 1001 0.651325
1 449 1001 0.6546
1 450 1001 0.65405
1 451 1001 0.65185
1 452 1001 0.655125
1 453 1001 0.6514
1 454 1001 0.65665
1 455 1001 0.6536
1 456 1001 0.657225
1 457 1001 0.659
1 458 1001 0.65955
1 459 1001 0.654375
1 460 1001 0.655875
1 461 1001 0.6553
1 462 1001 0.655775
1 463 1001 0.6541
1 464 1001 0.6542
1 465 1001 0.655825
1 466 1001 0.65775
1 467 1001 0.65955
1 468 1001 0.659275
1 469 1001 0.65865
1 470 1001 0.661975
1 471 1001 0.660825
1 472 1001 0.66085
1 473 1001 0.657675
1 474 1001 0.660175
1 475 1001 0.65845
1 476 1001 0.663025
1 477 1001 0.66135
1 478 1001 0.66205
1 479 1001 0.6607
1 480 1001 0.6633
1 481 1001 0.6648
1 482 1001 0.6667
1 483 1001 0.664075
1 484 1001 0.66505
1 485 1001 0.6667
1 486 1001 0.666725
1 487 1001 0.6678
1 488 1001 0.6654
1 489 1001 0.6673
1 490 1001 0.6624
1 491 1001 0.6663
1 492 1001 0.667175
1 493 1001 0.67095
1 494 1001 0.669175
1 495 1001 0.66655
1 496 1001 0.6715
1 497 1001 0.66735
1 498 1001 0.6703
1 499 1001 0.6727
1 500 1001 0.668625
1 501 1001 0.66885
1 502 1001 0.673075
1 503 1001 0.668275
1 504 1001 0.66885
1 505 1001 0.669975
1 506 1001 0.6672
1 507 1001 0.6662
1 508 1001 0.670475
1 509 1001 0.668525
1 510 1001 0.671225
1 511 1001 0.670125
1 512 1001 0.67265
1 513 1001 0.666975
1 514 1001 0.670775
1 515 1001 0.667125
1 516 1001 0.667425
1 517 1001 0.667725
1 518 1001 0.670275
1 519 1001 0.667825
1 520 1001 0.66765
1 521 1001 0.6704
1 522 1001 0.671
1 523 1001 0.669375
1 524 1001 0.6678
1 525 1001 0.66745
1 526 1001 0.666025
1 527 1001 0.6696
1 528 1001 0.6663
1 529 1001 0.6706
1 530 1001 0.66845
1 531 1001 0.66825
1 532 1001 0.66955
1 533 1001 0.670375
1 534 1001 0.670475
1 535 1001 0.671375
1 536 1001 0.671525
1 537 1001 0.671725
1 538 1001 0.66745
1 539 1001 0.6694
1 540 1001 0.67055
1 541 1001 0.670825
1 542 1001 0.6737
1 543 1001 0.672675
1 544 1001 0.669775
1 545 1001 0.669425
1 546 1001 0.671375
1 547 1001 0.668475
1 548 1001 0.671375
1 549 1001 0.6684
1 550 1001 0.670625
1 551 1001 0.67115
1 552 1001 0.6711
1 553 1001 0.669175
1 554 1001 0.67195
1 555 1001 0.66935
1 556 1001 0.667775
1 557 1001 0.6719
1 558 1001 0.664375
1 559 1001 0.66875
1 560 1001 0.66805
1 561 1001 0.66955
1 562 1001 0.667275
1 563 1001 0.669275
1 564 1001 0.671325
1 565 1001 0.67305
1 566 1001 0.67015
1 567 1001 0.670225
1 568 1001 0.6695
1 569 1001 0.671675
1 570 1001 0.67095
1 571 1001 0.6701
1 572 1001 0.6718
1 573 1001 0.669275
1 574 1001 0.671675
1 575 1001 0.668575
1 576 1001 0.67
1 577 1001 0.671225
1 578 1001 0.671875
1 579 1001 0.66775
1 580 1001 0.671975
1 581 1001 0.670225
1 582 1001 0.667375
1 583 1001 0.6771
1 584 1001 0.670425
1 585 1001 0.670825
1 586 1001 0.671375
1 587 1001 0.673125
1 588 1001 0.674025
1 589 1001 0.6712
1 590 1001 0.672175
1 591 1001 0.6657
1 592 1001 0.674125
1 593 1001 0.67485
1 594 1001 0.66875
1 595 1001 0.672725
1 596 1001 0.6722
1 597 1001 0.669325
1 598 1001 0.67015
1 599 1001 0.67195
1 600 1001 0.6702
1 601 1001 0.675
1 602 1001 0.670725
1 603 1001 0.673525
1 604 1001 0.670575
1 605 1001 0.670625
1 606 1001 0.670725
1 607 1001 0.671975
1 608 1001 0.6756
1 609 1001 0.66875
1 610 1001 0.67555
1 611 1001 0.670175
1 612 1001 0.677875
1 613 1001 0.6706
1 614 1001 0.6752
1 615 1001 0.672625
1 616 1001 0.671625
1 617 1001 0.671775
1 618 1001 0.6733
1 619 1001 0.6721
1 620 1001 0.672975
1 621 1001 0.6727
1 622 1001 0.672575
1 623 1001 0.669675
1 624 1001 0.67175
1 625 1001 0.675
1 626 1001 0.6731
1 627 1001 0.6746
1 628 1001 0.674375
1 629 1001 0.673875
1 630 1001 0.67335
1 631 1001 0.6732
1 632 1001 0.6744
1 633 1001 0.675025
1 634 1001 0.66955
1 635 1001 0.671375
1 636 1001 0.6782
1 637 1001 0.672775
1 638 1001 0.67515
1 639 1001 0.673575
1 640 1001 0.67575
1 641 1001 0.674025
1 642 1001 0.675125
1 643 1001 0.673075
1 644 1001 0.67315
1 645 1001 0.67345
1 646 1001 0.673625
1 647 1001 0.6761
1 648 1001 0.6768
1 649 1001 0.675525
1 650 1001 0.6749
1 651 1001 0.67435
1 652 1001 0.677625
1 653 1001 0.67385
1 654 1001 0.67465
1 655 1001 0.675525
1 656 1001 0.671425
1 657 1001 0.6769
1 658 1001 0.6734
1 659 1001 0.67405
1 660 1001 0.674525
1 661 1001 0.67305
1 662 1001 0.67435
1 663 1001 0.6751
1 664 1001 0.675275
1 665 1001 0.672625
1 666 1001 0.678
1 667 1001 0.675375
1 668 1001 0.6772
1 669 1001 0.676325
1 670 1001 0.6774
1 671 1001 0.67695
1 672 1001 0.6754
1 673 1001 0.676975
1 674 1001 0.675575
1 675 1001 0.674675
1 676 1001 0.67835
1 677 1001 0.679125
1 678 1001 0.676125
1 679 1001 0.6752
1 680 1001 0.6763
1 681 1001 0.67485
1 682 1001 0.67485
1 683 1001 0.677975
1 684 1001 0.67625
1 685 1001 0.6776
1 686 1001 0.67615
1 687 1001 0.677125
1 688 1001 0.680375
1 689 1001 0.679775
1 690 1001 0.679525
1 691 1001 0.67545
1 692 1001 0.676675
1 693 1001 0.6802
1 694 1001 0.67875
1 695 1001 0.6769
1 696 1001 0.675225
1 697 1001 0.68005
1 698 1001 0.679725
1 699 1001 0.67665
1 700 1001 0.67895
1 701 1001 0.6798
1 702 1001 0.6784
1 703 1001 0.679325
1 704 1001 0.67975
1 705 1001 0.677475
1 706 1001 0.6763
1 707 1001 0.678475
1 708 1001 0.6779
1 709 1001 0.68055
1 710 1001 0.68235
1 711 1001 0.678525
1 712 1001 0.6782
1 713 1001 0.6789
1 714 1001 0.678075
1 715 1001 0.677275
1 716 1001 0.67985
1 717 1001 0.67935
1 718 1001 0.68125
1 719 1001 0.684025
1 720 1001 0.67935
1 721 1001 0.68175
1 722 1001 0.679025
1 723 1001 0.68015
1 724 1001 0.684125
1 725 1001 0.67685
1 726 1001 0.6817
1 727 1001 0.683625
1 728 1001 0.682575
1 729 1001 0.682775
1 730 1001 0.6801
1 731 1001 0.681
1 732 1001 0.6815
1 733 1001 0.67965
1 734 1001 0.680475
1 735 1001 0.6804
1 736 1001 0.680075
1 737 1001 0.684
1 738 1001 0.681625
1 739 1001 0.6817
1 740 1001 0.680875
1 741 1001 0.682325
1 742 1001 0.681975
1 743 1001 0.6845
1 744 1001 0.685475
1 745 1001 0.6841
1 746 1001 0.681925
1 747 1001 0.6835
1 748 1001 0.684575
1 749 1001 0.678775
1 750 1001 0.683475
1 751 1001 0.68495
1 752 1001 0.680125
1 753 1001 0.68295
1 754 1001 0.683825
1 755 1001 0.681875
1 756 1001 0.68265
1 757 1001 0.688775
1 758 1001 0.684925
1 759 1001 0.685925
1 760 1001 0.682525
1 761 1001 0.683425
1 762 1001 0.684775
1 763 1001 0.683825
1 764 1001 0.684675
1 765 1001 0.686525
1 766 1001 0.684725
1 767 1001 0.68205
1 768 1001 0.687075
1 769 1001 0.684075
1 770 1001 0.68595
1 771 1001 0.683975
1 772 1001 0.685125
1 773 1001 0.6842
1 774 1001 0.687275
1 775 1001 0.6864
1 776 1001 0.684725
1 777 1001 0.685075
1 778 1001 0.687075
1 779 1001 0.68875
1 780 1001 0.6873
1 781 1001 0.687825
1 782 1001 0.6874
1 783 1001 0.688525
1 784 1001 0.688025
1 785 1001 0.6873
1 786 1001 0.687475
1 787 1001 0.6878
1 788 1001 0.687875
1 789 1001 0.68685
1 790 1001 0.68355
1 791 1001 0.686525
1 792 1001 0.689
1 793 1001 0.687225
1 794 1001 0.688125
1 795 1001 0.689225
1 796 1001 0.688575
1 797 1001 0.68945
1 798 1001 0.690975
1 799 1001 0.688475
1 800 1001 0.68835
1 801 1001 0.6931
1 802 1001 0.68935
1 803 1001 0.6863
1 804 1001 0.6892
1 805 1001 0.6882
1 806 1001 0.69215
1 807 1001 0.687675
1 808 1001 0.686625
1 809 1001 0.69055
1 810 1001 0.69125
1 811 1001 0.690025
1 812 1001 0.691925
1 813 1001 0.6905
1 814 1001 0.69075
1 815 1001 0.692625
1 816 1001 0.68945
1 817 1001 0.6928
1 818 1001 0.688825
1 819 1001 0.690675
1 820 1001 0.689925
1 821 1001 0.68885
1 822 1001 0.696975
1 823 1001 0.690975
1 824 1001 0.692075
1 825 1001 0.69605
1 826 1001 0.6925
1 827 1001 0.69425
1 828 1001 0.69245
1 829 1001 0.6919
1 830 1001 0.6912
1 831 1001 0.6934
1 832 1001 0.69215
1 833 1001 0.691625
1 834 1001 0.697275
1 835 1001 0.697075
1 836 1001 0.695325
1 837 1001 0.694075
1 838 1001 0.696575
1 839 1001 0.69415
1 840 1001 0.693425
1 841 1001 0.6931
1 842 1001 0.69705
1 843 1001 0.69595
1 844 1001 0.696825
1 845 1001 0.6966
1 846 1001 0.69455
1 847 1001 0.6959
1 848 1001 0.69895
1 849 1001 0.696
1 850 1001 0.698325
1 851 1001 0.698
1 852 1001 0.697075
1 853 1001 0.694875
1 854 1001 0.697025
1 855 1001 0.700825
1 856 1001 0.699775
1 857 1001 0.6964
1 858 1001 0.6947
1 859 1001 0.6968
1 860 1001 0.697625
1 861 1001 0.6959
1 862 1001 0.69835
1 863 1001 0.7022
1 864 1001 0.698975
1 865 1001 0.700175
1 866 1001 0.70025
1 867 1001 0.697425
1 868 1001 0.69585
1 869 1001 0.699925
1 870 1001 0.693075
1 871 1001 0.699975
1 872 1001 0.699425
1 873 1001 0.701325
1 874 1001 0.7009
1 875 1001 0.6963
1 876 1001 0.70305
1 877 1001 0.69845
1 878 1001 0.70055
1 879 1001 0.7013
1 880 1001 0.703375
1 881 1001 0.69755
1 882 1001 0.701775
1 883 1001 0.70155
1 884 1001 0.700925
1 885 1001 0.704325
1 886 1001 0.7023
1 887 1001 0.70525
1 888 1001 0.70015
1 889 1001 0.70325
1 890 1001 0.70165
1 891 1001 0.70075
1 892 1001 0.7032
1 893 1001 0.70225
1 894 1001 0.705525
1 895 1001 0.703775
1 896 1001 0.70685
1 897 1001 0.705225
1 898 1001 0.70345
1 899 1001 0.706525
1 900 1001 0.705625
1 901 1001 0.70355
1 902 1001 0.704225
1 903 1001 0.706125
1 904 1001 0.7077
1 905 1001 0.70345
1 906 1001 0.704375
1 907 1001 0.7058
1 908 1001 0.70695
1 909 1001 0.7063
1 910 1001 0.705325
1 911 1001 0.70675
1 912 1001 0.70645
1 913 1001 0.705475
1 914 1001 0.7062
1 915 1001 0.710475
1 916 1001 0.7057
1 917 1001 0.706975
1 918 1001 0.704925
1 919 1001 0.70425
1 920 1001 0.709375
1 921 1001 0.7088
1 922 1001 0.709825
1 923 1001 0.709975
1 924 1001 0.7102
1 925 1001 0.71215
1 926 1001 0.7118
1 927 1001 0.709875
1 928 1001 0.708425
1 929 1001 0.7078
1 930 1001 0.71295
1 931 1001 0.7121
1 932 1001 0.7145
1 933 1001 0.712625
1 934 1001 0.710925
1 935 1001 0.711475
1 936 1001 0.716525
1 937 1001 0.714725
1 938 1001 0.7134
1 939 1001 0.714375
1 940 1001 0.711825
1 941 1001 0.711875
1 942 1001 0.714275
1 943 1001 0.715025
1 944 1001 0.71075
1 945 1001 0.710425
1 946 1001 0.71225
1 947 1001 0.7141
1 948 1001 0.71125
1 949 1001 0.712175
1 950 1001 0.7109
1 951 1001 0.715875
1 952 1001 0.711825
1 953 1001 0.714
1 954 1001 0.7123
1 955 1001 0.714975
1 956 1001 0.71625
1 957 1001 0.717
1 958 1001 0.71685
1 959 1001 0.717375
1 960 1001 0.716425
1 961 1001 0.721275
1 962 1001 0.714875
1 963 1001 0.71865
1 964 1001 0.71605
1 965 1001 0.722125
1 966 1001 0.718875
1 967 1001 0.719425
1 968 1001 0.721825
1 969 1001 0.719875
1 970 1001 0.719825
1 971 1001 0.718875
1 972 1001 0.723375
1 973 1001 0.720875
1 974 1001 0.72095
1 975 1001 0.719175
1 976 1001 0.723725
1 977 1001 0.719425
1 978 1001 0.72135
1 979 1001 0.719875
1 980 1001 0.72135
1 981 1001 0.72275
1 982 1001 0.72315
1 983 1001 0.72195
1 984 1001 0.72565
1 985 1001 0.72295
1 986 1001 0.7257
1 987 1001 0.724825
1 988 1001 0.727775
1 989 1001 0.724375
1 990 1001 0.725025
1 991 1001 0.721325
1 992 1001 0.721775
1 993 1001 0.726975
1 994 1001 0.72315
1 995 1001 0.72235
1 996 1001 0.725375
1 997 1001 0.722625
1 998 1001 0.724625
1 999 1001 0.728475
1 1000 1001 0.725025
2 1 1001 0.277475
2 2 1001 0.2882
2 3 1001 0.37475
2 4 1001 0.493675
2 5 1001 0.515225
2 6 1001 0.448175
2 7 1001 0.450625
2 8 1001 0.482025
2 9 1001 0.46425
2 10 1001 0.503675
2 11 1001 0.4946
2 12 1001 0.49665
2 13 1001 0.494275
2 14 1001 0.504975
2 15 1001 0.497125
2 16 1001 0.501175
2 17 1001 0.516
2 18 1001 0.5199
2 19 1001 0.525475
2 20 1001 0.530675
2 21 1001 0.53465
2 22 1001 0.540175
2 23 1001 0.541625
2 24 1001 0.53765
2 25 1001 0.54555
2 26 1001 0.54265
2 27 1001 0.5384
2 28 1001 0.54085
2 29 1001 0.5398
2 30 1001 0.534975
2 31 1001 0.532725
2 32 1001 0.52935
2 33 1001 0.526675
2 34 1001 0.5246
2 35 1001 0.525075
2 36 1001 0.52985
2 37 1001 0.52945
2 38 1001 0.535625
2 39 1001 0.5301
2 40 1001 0.535725
2 41 1001 0.53575
2 42 1001 0.5343
2 43 1001 0.533275
2 44 1001 0.53525
2 45 1001 0.538175
2 46 1001 0.542125
2 47 1001 0.542725
2 48 1001 0.544025
2 49 1001 0.544
2 50 1001 0.5486
2 51 1001 0.5474
2 52 1001 0.550125
2 53 1001 0.5512
2 54 1001 0.552075
2 55 1001 0.5533
2 56 1001 0.557075
2 57 1001 0.5588
2 58 1001 0.563375
2 59 1001 0.558425
2 60 1001 0.5605
2 61 1001 0.562125
2 62 1001 0.557975
2 63 1001 0.5604
2 64 1001 0.559925
2 65 1001 0.56155
2 66 1001 0.557675
2 67 1001 0.563475
2 68 1001 0.562975
2 69 1001 0.5623
2 70 1001 0.561975
2 71 1001 0.551775
2 72 1001 0.55875
2 73 1001 0.560875
2 74 1001 0.561875
2 75 1001 0.556
2 76 1001 0.559975
2 77 1001 0.554025
2 78 1001 0.56035
2 79 1001 0.561375
2 80 1001 0.562325
2 81 1001 0.563125
2 82 1001 0.564075
2 83 1001 0.562075
2 84 1001 0.562275
2 85 1001 0.5663
2 86 1001 0.5652
2 87 1001 0.564575
2 88 1001 0.5651
2 89 1001 0.57035
2 90 1001 0.573125
2 91 1001 0.5684
2 92 1001 0.57235
2 93 1001 0.5706
2 94 1001 0.57645
2 95 1001 0.5748
2 96 1001 0.575625
2 97 1001 0.578875
2 98 1001 0.5725
2 99 1001 0.581275
2 100 1001 0.58005
2 101 1001 0.57785
2 102 1001 0.583425
2 103 1001 0.5796
2 104 1001 0.580775
2 105 1001 0.579875
2 106 1001 0.57945
2 107 1001 0.5827
2 108 1001 0.578775
2 109 1001 0.5782
2 110 1001 0.584625
2 111 1001 0.580625
2 112 1001 0.577575
2 113 1001 0.5784
2 114 1001 0.57875
2 115 1001 0.57515
2 116 1001 0.57575
2 117 1001 0.57815
2 118 1001 0.5773
2 119 1001 0.578925
2 120 1001 0.5775
2 121 1001 0.5798
2 122 1001 0.580025
2 123 1001 0.579475
2 124 1001 0.57945
2 125 1001 0.5836
2 126 1001 0.583225
2 127 1001 0.584475
2 128 1001 0.583025
2 129 1001 0.580225
2 130 1001 0.583775
2 131 1001 0.58695
2 132 1001 0.584075
2 133 1001 0.5887
2 134 1001 0.586
2 135 1001 0.587275
2 136 1001 0.58635
2 137 1001 0.5922
2 138 1001 0.5874
2 139 1001 0.593075
2 140 1001 0.59155
2 141 1001 0.59345
2 142 1001 0.5928
2 143 1001 0.594
2 144 1001 0.5934
2 145 1001 0.595525
2 146 1001 0.59705
2 147 1001 0.597975
2 148 1001 0.592675
2 149 1001 0.596725
2 150 1001 0.5979
2 151 1001 0.59735
2 152 1001 0.59225
2 153 1001 0.594675
2 154 1001 0.5923
2 155 1001 0.595375
2 156 1001 0.59355
2 157 1001 0.592925
2 158 1001 0.59785
2 159 1001 0.597825
2 160 1001 0.594225
2 161 1001 0.5944
2 162 1001 0.60055
2 163 1001 0.598125
2 164 1001 0.5982
2 165 1001 0.595575
2 166 1001 0.6017
2 167 1001 0.596475
2 168 1001 0.598425
2 169 1001 0.597825
2 170 1001 0.5969
2 171 1001 0.596225
2 172 1001 0.597725
2 173 1001 0.596375
2 174 1001 0.5967
2 175 1001 0.5965
2 176 1001 0.597275
2 177 1001 0.59995
2 178 1001 0.60055
2 179 1001 0.59725
2 180 1001 0.597525
2 181 1001 0.5993
2 182 1001 0.6026
2 183 1001 0.60105
2 184 1001 0.602525
2 185 1001 0.60185
2 186 1001 0.606075
2 187 1001 0.604675
2 188 1001 0.605175
2 189 1001 0.60965
2 190 1001 0.60425
2 191 1001 0.608575
2 192 1001 0.608025
2 193 1001 0.60865
2 194 1001 0.6122
2 195 1001 0.6059
2 196 1001 0.605875
2 197 1001 0.609025
2 198 1001 0.609225
2 199 1001 0.61035
2 200 1001 0.60865
2 201 1001 0.61295
2 202 1001 0.61005
2 203 1001 0.6097
2 204 1001 0.612475
2 205 1001 0.6093
2 206 1001 0.607675
2 207 1001 0.61115
2 208 1001 0.6088
2 209 1001 0.611125
2 210 1001 0.608975
2 211 1001 0.61295
2 212 1001 0.61215
2 213 1001 0.6082
2 214 1001 0.60385
2 215 1001 0.6096
2 216 1001 0.611975
2 217 1001 0.60775
2 218 1001 0.60555
2 219 1001 0.6091
2 220 1001 0.609575
2 221 1001 0.6134
2 222 1001 0.6104
2 223 1001 0.6088
2 224 1001 0.609875
2 225 1001 0.61135
2 226 1001 0.6111
2 227 1001 0.6107
2 228 1001 0.61365
2 229 1001 0.616575
2 230 1001 0.6122
2 231 1001 0.611575
2 232 1001 0.6164
2 233 1001 0.614725
2 234 1001 0.616375
2 235 1001 0.614475
2 236 1001 0.614375
2 237 1001 0.616825
2 238 1001 0.61505
2 239 1001 0.612675
2 240 1001 0.618575
2 241 1001 0.620325
2 242 1001 0.617075
2 243 1001 0.61805
2 244 1001 0.6196
2 245 1001 0.619025
2 246 1001 0.621475
2 247 1001 0.6217
2 248 1001 0.62495
2 249 1001 0.6231
2 250 1001 0.62275
2 251 1001 0.6221
2 252 1001 0.619075
2 253 1001 0.62235
2 254 1001 0.621175
2 255 1001 0.621075
2 256 1001 0.622475
2 257 1001 0.6226
2 258 1001 0.622325
2 259 1001 0.622425
2 260 1001 0.6211
2 261 1001 0.6261
2 262 1001 0.62255
2 263 1001 0.625
2 264 1001 0.6236
2 265 1001 0.62315
2 266 1001 0.62485
2 267 1001 0.622975
2 268 1001 0.62445
2 269 1001 0.62325
2 270 1001 0.6219
2 271 1001 0.619225
2 272 1001 0.6231
2 273 1001 0.6224
2 274 1001 0.624025
2 275 1001 0.6186
2 276 1001 0.62335
2 277 1001 0.624025
2 278 1001 0.62235
2 279 1001 0.62345
2 280 1001 0.62705
2 281 1001 0.6244
2 282 1001 0.6253
2 283 1001 0.62585
2 284 1001 0.626825
2 285 1001 0.626925
2 286 1001 0.625075
2 287 1001 0.62705
2 288 1001 0.622325
2 289 1001 0.62815
2 290 1001 0.627975
2 291 1001 0.626475
2 292 1001 0.6274
2 293 1001 0.630275
2 294 1001 0.625725
2 295 1001 0.63195
2 296 1001 0.6281
2 297 1001 0.6284
2 298 1001 0.6294
2 299 1001 0.628725
2 300 1001 0.63025
2 301 1001 0.62995
2 302 1001 0.629225
2 303 1001 0.628325
2 304 1001 0.628625
2 305 1001 0.629225
2 306 1001 0.6275
2 307 1001 0.630475
2 308 1001 0.630925
2 309 1001 0.628925
2 310 1001 0.632125
2 311 1001 0.631675
2 312 1001 0.63065
2 313 1001 0.63575
2 314 1001 0.63635
2 315 1001 0.635125
2 316 1001 0.6335
2 317 1001 0.63545
2 318 1001 0.637675
2 319 1001 0.635525
2 320 1001 0.633925
2 321 1001 0.632325
2 322 1001 0.635325
2 323 1001 0.636525
2 324 1001 0.635225
2 325 1001 0.638175
2 326 1001 0.64165
2 327 1001 0.63965
2 328 1001 0.635675
2 329 1001 0.64085
2 330 1001 0.63905
2 331 1001 0.641875
2 332 1001 0.6392
2 333 1001 0.6437
2 334 1001 0.64045
2 335 1001 0.638175
2 336 1001 0.642425
2 337 1001 0.646025
2 338 1001 0.640425
2 339 1001 0.638625
2 340 1001 0.6398
2 341 1001 0.639775
2 342 1001 0.6438
2 343 1001 0.641275
2 344 1001 0.639425
2 345 1001 0.6394
2 346 1001 0.6401
2 347 1001 0.639725
2 348 1001 0.641175
2 349 1001 0.6382
2 350 1001 0.641325
2 351 1001 0.639475
2 352 1001 0.64115
2 353 1001 0.6418
2 354 1001 0.6403
2 355 1001 0.642675
2 356 1001 0.640125
2 357 1001 0.63925
2 358 1001 0.639525
2 359 1001 0.642025
2 360 1001 0.64005
2 361 1001 0.638925
2 362 1001 0.6419
2 363 1001 0.643025
2 364 1001 0.642175
2 365 1001 0.640025
2 366 1001 0.643725
2 367 1001 0.64435
2 368 1001 0.6411
2 369 1001 0.641875
2 370 1001 0.641925
2 371 1001 0.64085
2 372 1001 0.643375
2 373 1001 0.638775
2 374 1001 0.642325
2 375 1001 0.642725
2 376 1001 0.643125
2 377 1001 0.63965
2 378 1001 0.645425
2 379 1001 0.64035
2 380 1001 0.643
2 381 1001 0.644
2 382 1001 0.642175
2 383 1001 0.644025
2 384 1001 0.645325
2 385 1001 0.6426
2 386 1001 0.640025
2 387 1001 0.6417
2 388 1001 0.643275
2 389 1001 0.639025
2 390 1001 0.64125
2 391 1001 0.646175
2 392 1001 0.64115
2 393 1001 0.643875
2 394 1001 0.643675
2 395 1001 0.645725
2 396 1001 0.6448
2 397 1001 0.642225
2 398 1001 0.645775
2 399 1001 0.642325
2 400 1001 0.6444
2 401 1001 0.6448
2 402 1001 0.645375
2 403 1001 0.64685
2 404 1001 0.644575
2 405 1001 0.64425
2 406 1001 0.64645
2 407 1001 0.643825
2 408 1001 0.645575
2 409 1001 0.647675
2 410 1001 0.64515
2 411 1001 0.64895
2 412 1001 0.649475
2 413 1001 0.64735
2 414 1001 0.64975
2 415 1001 0.647725
2 416 1001 0.645175
2 417 1001 0.643325
2 418 1001 0.64485
2 419 1001 0.6478
2 420 1001 0.64785
2 421 1001 0.64985
2 422 1001 0.647925
2 423 1001 0.6489
2 424 1001 0.648525
2 425 1001 0.649675
2 426 1001 0.649325
2 427 1001 0.648175
2 428 1001 0.64885
2 429 1001 0.6492
2 430 1001 0.648325
2 431 1001 0.652325
2 432 1001 0.649775
2 433 1001 0.64905
2 434 1001 0.648725
2 435 1001 0.64785
2 436 1001 0.650575
2 437 1001 0.647175
2 438 1001 0.653925
2 439 1001 0.652425
2 440 1001 0.649775
2 441 1001 0.65165
2 442 1001 0.65045
2 443 1001 0.65225
2 444 1001 0.658975
2 445 1001 0.6549
2 446 1001 0.650125
2 447 1001 0.654225
2 448 1001 0.6544
2 449 1001 0.6521
2 450 1001 0.6545
2 451 1001 0.653525
2 452 1001 0.654825
2 453 1001 0.6532
2 454 1001 0.65675
2 455 1001 0.657525
2 456 1001 0.651975
2 457 1001 0.6538
2 458 1001 0.6587
2 459 1001 0.6586
2 460 1001 0.657825
2 461 1001 0.656825
2 462 1001 0.65665
2 463 1001 0.65815
2 464 1001 0.65765
2 465 1001 0.65935
2 466 1001 0.6581
2 467 1001 0.6603
2 468 1001 0.6613
2 469 1001 0.660475
2 470 1001 0.660675
2 471 1001 0.659825
2 472 1001 0.6574
2 473 1001 0.661275
2 474 1001 0.661675
2 475 1001 0.663475
2 476 1001 0.6585
2 477 1001 0.662425
2 478 1001 0.66095
2 479 1001 0.660975
2 480 1001 0.66525
2 481 1001 0.6612
2 482 1001 0.6655
2 483 1001 0.663075
2 484 1001 0.66715
2 485 1001 0.66405
2 486 1001 0.66455
2 487 1001 0.6674
2 488 1001 0.664525
2 489 1001 0.666925
2 490 1001 0.665625
2 491 1001 0.667
2 492 1001 0.668925
2 493 1001 0.6658
2 494 1001 0.666975
2 495 1001 0.6662
2 496 1001 0.6681
2 497 1001 0.66715
2 498 1001 0.668075
2 499 1001 0.6706
2 500 1001 0.673575
2 501 1001 0.670175
2 502 1001 0.671725
2 503 1001 0.664475
2 504 1001 0.6714
2 505 1001 0.669825
2 506 1001 0.6696
2 507 1001 0.66895
2 508 1001 0.670875
2 509 1001 0.669225
2 510 1001 0.6708
2 511 1001 0.67105
2 512 1001 0.66785
2 513 1001 0.66895
2 514 1001 0.671025
2 515 1001 0.667775
2 516 1001 0.667225
2 517 1001 0.67145
2 518 1001 0.673425
2 519 1001 0.668875
2 520 1001 0.67075
2 521 1001 0.669875
2 522 1001 0.66965
2 523 1001 0.6691
2 524 1001 0.66635
2 525 1001 0.6693
2 526 1001 0.668975
2 527 1001 0.668075
2 528 1001 0.67215
2 529 1001 0.672175
2 530 1001 0.66945
2 531 1001 0.672575
2 532 1001 0.668775
2 533 1001 0.668375
2 534 1001 0.669625
2 535 1001 0.6717
2 536 1001 0.67125
2 537 1001 0.671825
2 538 1001 0.670375
2 539 1001 0.66685
2 540 1001 0.669775
2 541 1001 0.66875
2 542 1001 0.669975
2 543 1001 0.670475
2 544 1001 0.671
2 545 1001 0.668675
2 546 1001 0.6674
2 547 1001 0.672575
2 548 1001 0.67325
2 549 1001 0.6698
2 550 1001 0.672
2 551 1001 0.671175
2 552 1001 0.668725
2 553 1001 0.6688
2 554 1001 0.66905
2 555 1001 0.66785
2 556 1001 0.6698
2 557 1001 0.671125
2 558 1001 0.67045
2 559 1001 0.67075
2 560 1001 0.6683
2 561 1001 0.67075
2 562 1001 0.67185
2 563 1001 0.671175
2 564 1001 0.670925
2 565 1001 0.67175
2 566 1001 0.670575
2 567 1001 0.671
2 568 1001 0.670325
2 569 1001 0.6681
2 570 1001 0.67205
2 571 1001 0.6706
2 572 1001 0.672275
2 573 1001 0.6716
2 574 1001 0.6692
2 575 1001 0.671375
2 576 1001 0.671325
2 577 1001 0.670775
2 578 1001 0.672175
2 579 1001 0.66845
2 580 1001 0.67125
2 581 1001 0.669775
2 582 1001 0.668325
2 583 1001 0.673775
2 584 1001 0.668475
2 585 1001 0.671125
2 586 1001 0.671075
2 587 1001 0.67325
2 588 1001 0.671575
2 589 1001 0.673275
2 590 1001 0.67455
2 591 1001 0.6679
2 592 1001 0.669875
2 593 1001 0.670225
2 594 1001 0.670225
2 595 1001 0.67045
2 596 1001 0.672875
2 597 1001 0.673325
2 598 1001 0.669325
2 599 1001 0.66965
2 600 1001 0.673575
2 601 1001 0.669025
2 602 1001 0.672775
2 603 1001 0.6715
2 604 1001 0.67305
2 605 1001 0.6703
2 606 1001 0.67265
2 607 1001 0.67125
2 608 1001 0.672025
2 609 1001 0.67155
2 610 1001 0.67165
2 611 1001 0.6693
2 612 1001 0.67115
2 613 1001 0.6727
2 614 1001 0.6741
2 615 1001 0.67335
2 616 1001 0.674375
2 617 1001 0.671725
2 618 1001 0.673
2 619 1001 0.6723
2 620 1001 0.67525
2 621 1001 0.6714
2 622 1001 0.671325
2 623 1001 0.671775
2 624 1001 0.669175
2 625 1001 0.67015
2 626 1001 0.674175
2 627 1001 0.676925
2 628 1001 0.672575
2 629 1001 0.6743
2 630 1001 0.6746
2 631 1001 0.672525
2 632 1001 0.6759
2 633 1001 0.67475
2 634 1001 0.67255
2 635 1001 0.673225
2 636 1001 0.671525
2 637 1001 0.6738
2 638 1001 0.674725
2 639 1001 0.668725
2 640 1001 0.673525
2 641 1001 0.6776
2 642 1001 0.670925
2 643 1001 0.67485
2 644 1001 0.6741
2 645 1001 0.673625
2 646 1001 0.676825
2 647 1001 0.6709
2 648 1001 0.672925
2 649 1001 0.6756
2 650 1001 0.672625
2 651 1001 0.6748
2 652 1001 0.67115
2 653 1001 0.67465
2 654 1001 0.6751
2 655 1001 0.67755
2 656 1001 0.67585
2 657 1001 0.6724
2 658 1001 0.6757
2 659 1001 0.676875
2 660 1001 0.679125
2 661 1001 0.6786
2 662 1001 0.675125
2 663 1001 0.6727
2 664 1001 0.678225
2 665 1001 0.6753
2 666 1001 0.677025
2 667 1001 0.675775
2 668 1001 0.67605
2 669 1001 0.673425
2 670 1001 0.6747
2 671 1001 0.676625
2 672 1001 0.67785
2 673 1001 0.67745
2 674 1001 0.67685
2 675 1001 0.67525
2 676 1001 0.6778
2 677 1001 0.67335
2 678 1001 0.677725
2 679 1001 0.67505
2 680 1001 0.676775
2 681 1001 0.6761
2 682 1001 0.6744
2 683 1001 0.672875
2 684 1001 0.6787
2 685 1001 0.678125
2 686 1001 0.676825
2 687 1001 0.676625
2 688 1001 0.6784
2 689 1001 0.67895
2 690 1001 0.68145
2 691 1001 0.67625
2 692 1001 0.678
2 693 1001 0.676025
2 694 1001 0.6775
2 695 1001 0.678525
2 696 1001 0.673875
2 697 1001 0.679375
2 698 1001 0.67695
2 699 1001 0.680075
2 700 1001 0.67565
2 701 1001 0.679075
2 702 1001 0.678375
2 703 1001 0.6787
2 704 1001 0.677175
2 705 1001 0.6788
2 706 1001 0.676825
2 707 1001 0.6807
2 708 1001 0.6784
2 709 1001 0.680425
2 710 1001 0.681225
2 711 1001 0.678475
2 712 1001 0.68165
2 713 1001 0.67655
2 714 1001 0.678125
2 715 1001 0.677775
2 716 1001 0.679225
2 717 1001 0.680325
2 718 1001 0.677325
2 719 1001 0.681325
2 720 1001 0.6812
2 721 1001 0.67845
2 722 1001 0.676075
2 723 1001 0.681125
2 724 1001 0.6775
2 725 1001 0.677075
2 726 1001 0.681625
2 727 1001 0.6787
2 728 1001 0.680875
2 729 1001 0.681975
2 730 1001 0.67945
2 731 1001 0.680625
2 732 1001 0.680175
2 733 1001 0.678425
2 734 1001 0.6828
2 735 1001 0.682
2 736 1001 0.683375
2 737 1001 0.682125
2 738 1001 0.679425
2 739 1001 0.681975
2 740 1001 0.681225
2 741 1001 0.682225
2 742 1001 0.682475
2 743 1001 0.68015
2 744 1001 0.680475
2 745 1001 0.684725
2 746 1001 0.68355
2 747 1001 0.68365
2 748 1001 0.6831
2 749 1001 0.68175
2 750 1001 0.6869
2 751 1001 0.6825
2 752 1001 0.6798
2 753 1001 0.684275
2 754 1001 0.68605
2 755 1001 0.6802
2 756 1001 0.682775
2 757 1001 0.683275
2 758 1001 0.681475
2 759 1001 0.682225
2 760 1001 0.68505
2 761 1001 0.684775
2 762 1001 0.686025
2 763 1001 0.683775
2 764 1001 0.6833
2 765 1001 0.683025
2 766 1001 0.6878
2 767 1001 0.683425
2 768 1001 0.684275
2 769 1001 0.68765
2 770 1001 0.6871
2 771 1001 0.686775
2 772 1001 0.686175
2 773 1001 0.686325
2 774 1001 0.6852
2 775 1001 0.68735
2 776 1001 0.685575
2 777 1001 0.68925
2 778 1001 0.685875
2 779 1001 0.6853
2 780 1001 0.685625
2 781 1001 0.685
2 782 1001 0.6855
2 783 1001 0.6887
2 784 1001 0.687375
2 785 1001 0.687475
2 786 1001 0.69075
2 787 1001 0.68955
2 788 1001 0.6865
2 789 1001 0.6888
2 790 1001 0.687475
2 791 1001 0.687475
2 792 1001 0.688075
2 793 1001 0.687525
2 794 1001 0.6857
2 795 1001 0.690625
2 796 1001 0.69
2 797 1001 0.68595
2 798 1001 0.69025
2 799 1001 0.68675
2 800 1001 0.68845
2 801 1001 0.6884
2 802 1001 0.6876
2 803 1001 0.688975
2 804 1001 0.690075
2 805 1001 0.689025
2 806 1001 0.686675
2 807 1001 0.690525
2 808 1001 0.690025
2 809 1001 0.6881
2 810 1001 0.692575
2 811 1001 0.689275
2 812 1001 0.690425
2 813 1001 0.69
2 814 1001 0.6909
2 815 1001 0.6918
2 816 1001 0.68875
2 817 1001 0.688975
2 818 1001 0.689725
2 819 1001 0.691225
2 820 1001 0.69125
2 821 1001 0.69255
2 822 1001 0.691575
2 823 1001 0.692
2 824 1001 0.6952
2 825 1001 0.68895
2 826 1001 0.694675
2 827 1001 0.690525
2 828 1001 0.692075
2 829 1001 0.689
2 830 1001 0.69165
2 831 1001 0.68935
2 832 1001 0.694525
2 833 1001 0.695825
2 834 1001 0.692075
2 835 1001 0.6916
2 836 1001 0.692
2 837 1001 0.6955
2 838 1001 0.69515
2 839 1001 0.69595
2 840 1001 0.69225
2 841 1001 0.695375
2 842 1001 0.6939
2 843 1001 0.696375
2 844 1001 0.6967
2 845 1001 0.698125
2 846 1001 0.698025
2 847 1001 0.699025
2 848 1001 0.698075
2 849 1001 0.695375
2 850 1001 0.696425
2 851 1001 0.693125
2 852 1001 0.696825
2 853 1001 0.69705
2 854 1001 0.697375
2 855 1001 0.697575
2 856 1001 0.695325
2 857 1001 0.69885
2 858 1001 0.696175
2 859 1001 0.6982
2 860 1001 0.6973
2 861 1001 0.698275
2 862 1001 0.69835
2 863 1001 0.695325
2 864 1001 0.696875
2 865 1001 0.698825
2 866 1001 0.7
2 867 1001 0.69805
2 868 1001 0.697125
2 869 1001 0.698225
2 870 1001 0.69995
2 871 1001 0.6985
2 872 1001 0.699575
2 873 1001 0.70085
2 874 1001 0.699625
2 875 1001 0.6972
2 876 1001 0.6988
2 877 1001 0.698
2 878 1001 0.69995
2 879 1001 0.702025
2 880 1001 0.702225
2 881 1001 0.700025
2 882 1001 0.70035
2 883 1001 0.69605
2 884 1001 0.70165
2 885 1001 0.7012
2 886 1001 0.705475
2 887 1001 0.703525
2 888 1001 0.70385
2 889 1001 0.703625
2 890 1001 0.70535
2 891 1001 0.705475
2 892 1001 0.705
2 893 1001 0.702775
2 894 1001 0.70215
2 895 1001 0.7048
2 896 1001 0.707225
2 897 1001 0.7009
2 898 1001 0.706625
2 899 1001 0.7059
2 900 1001 0.70375
2 901 1001 0.708025
2 902 1001 0.70575
2 903 1001 0.705325
2 904 1001 0.70305
2 905 1001 0.7037
2 906 1001 0.707
2 907 1001 0.708925
2 908 1001 0.705875
2 909 1001 0.70625
2 910 1001 0.7097
2 911 1001 0.70725
2 912 1001 0.705575
2 913 1001 0.709775
2 914 1001 0.70725
2 915 1001 0.707725
2 916 1001 0.7086
2 917 1001 0.70525
2 918 1001 0.70615
2 919 1001 0.7092
2 920 1001 0.70835
2 921 1001 0.706475
2 922 1001 0.708
2 923 1001 0.705425
2 924 1001 0.708475
2 925 1001 0.712175
2 926 1001 0.711525
2 927 1001 0.7089
2 928 1001 0.711025
2 929 1001 0.70515
2 930 1001 0.7113
2 931 1001 0.712375
2 932 1001 0.710125
2 933 1001 0.708325
2 934 1001 0.71365
2 935 1001 0.717225
2 936 1001 0.711675
2 937 1001 0.7138
2 938 1001 0.710825
2 939 1001 0.712525
2 940 1001 0.71145
2 941 1001 0.71305
2 942 1001 0.71335
2 943 1001 0.71415
2 944 1001 0.7109
2 945 1001 0.71245
2 946 1001 0.712575
2 947 1001 0.71375
2 948 1001 0.71645
2 949 1001 0.712075
2 950 1001 0.715825
2 951 1001 0.719275
2 952 1001 0.7166
2 953 1001 0.71665
2 954 1001 0.71485
2 955 1001 0.7136
2 956 1001 0.716875
2 957 1001 0.717925
2 958 1001 0.714575
2 959 1001 0.71605
2 960 1001 0.717625
2 961 1001 0.717775
2 962 1001 0.71755
2 963 1001 0.71805
2 964 1001 0.7211
2 965 1001 0.720175
2 966 1001 0.72305
2 967 1001 0.716575
2 968 1001 0.720625
2 969 1001 0.719875
2 970 1001 0.720225
2 971 1001 0.719525
2 972 1001 0.720775
2 973 1001 0.72075
2 974 1001 0.72
2 975 1001 0.719825
2 976 1001 0.723075
2 977 1001 0.724
2 978 1001 0.72475
2 979 1001 0.722225
2 980 1001 0.723875
2 981 1001 0.720625
2 982 1001 0.719875
2 983 1001 0.724575
2 984 1001 0.724825
2 985 1001 0.7218
2 986 1001 0.726075
2 987 1001 0.725175
2 988 1001 0.7227
2 989 1001 0.725825
2 990 1001 0.731575
2 991 1001 0.72585
2 992 1001 0.7223
2 993 1001 0.7226
2 994 1001 0.72615
2 995 1001 0.7246
2 996 1001 0.725825
2 997 1001 0.724975
2 998 1001 0.7268
2 999 1001 0.72915
2 1000 1001 0.722325
