1 1 101 0.500615
1 2 101 0.46435
1 3 101 0.498
1 4 101 0.48895
1 5 101 0.4952
1 6 101 0.5089
1 7 101 0.51985
1 8 101 0.5154
1 9 101 0.499675
1 10 101 0.495075
1 11 101 0.49505
1 12 101 0.49395
1 13 101 0.491025
1 14 101 0.49015
1 15 101 0.498275
1 16 101 0.51245
1 17 101 0.514125
1 18 101 0.524275
1 19 101 0.531775
1 20 101 0.53615
1 21 101 0.539325
1 22 101 0.545025
1 23 101 0.552525
1 24 101 0.5621
1 25 101 0.55915
1 26 101 0.55975
1 27 101 0.559825
1 28 101 0.559
1 29 101 0.5596
1 30 101 0.55425
1 31 101 0.5513
1 32 101 0.5484
1 33 101 0.5433
1 34 101 0.5419
1 35 101 0.541925
1 36 101 0.5374
1 37 101 0.54325
1 38 101 0.539025
1 39 101 0.5416
1 40 101 0.54485
1 41 101 0.54505
1 42 101 0.549325
1 43 101 0.547725
1 44 101 0.546725
1 45 101 0.546175
1 46 101 0.550025
1 47 101 0.552525
1 48 101 0.5517
1 49 101 0.559325
1 50 101 0.563575
1 51 101 0.561075
1 52 101 0.563775
1 53 101 0.5672
1 54 101 0.57
1 55 101 0.568875
1 56 101 0.571575
1 57 101 0.5768
1 58 101 0.5772
1 59 101 0.578325
1 60 101 0.5777
1 61 101 0.580675
1 62 101 0.5823
1 63 101 0.58065
1 64 101 0.58105
1 65 101 0.57775
1 66 101 0.57615
1 67 101 0.576875
1 68 101 0.577875
1 69 101 0.576725
1 70 101 0.5754
1 71 101 0.579575
1 72 101 0.574625
1 73 101 0.572175
1 74 101 0.576775
1 75 101 0.574675
1 76 101 0.575425
1 77 101 0.5755
1 78 101 0.576525
1 79 101 0.5811
1 80 101 0.574875
1 81 101 0.5742
1 82 101 0.575775
1 83 101 0.5758
1 84 101 0.578525
1 85 101 0.579225
1 86 101 0.58145
1 87 101 0.578325
1 88 101 0.583075
1 89 101 0.58445
1 90 101 0.587775
1 91 101 0.58445
1 92 101 0.58715
1 93 101 0.592625
1 94 101 0.588875
1 95 101 0.598
1 96 101 0.5955
1 97 101 0.598675
1 98 101 0.600225
1 99 101 0.603525
1 100 101 0.6052
1 101 101 0.602275
1 102 101 0.605825
1 103 101 0.60635
1 104 101 0.6061
1 105 101 0.605525
1 106 101 0.60715
1 107 101 0.60185
1 108 101 0.6017
1 109 101 0.6071
1 110 101 0.6053
1 111 101 0.602925
1 112 101 0.6054
1 113 101 0.604125
1 114 101 0.598325
1 115 101 0.600675
1 116 101 0.60475
1 117 101 0.60295
1 118 101 0.603375
1 119 101 0.604375
1 120 101 0.599625
1 121 101 0.60255
1 122 101 0.603
1 123 101 0.606075
1 124 101 0.60565
1 125 101 0.604425
1 126 101 0.605125
1 127 101 0.60465
1 128 101 0.600175
1 129 101 0.605625
1 130 101 0.608375
1 131 101 0.605275
1 132 101 0.60635
1 133 101 0.604625
1 134 101 0.60665
1 135 101 0.6039
1 136 101 0.608875
1 137 101 0.607625
1 138 101 0.608775
1 139 101 0.61015
1 140 101 0.611175
1 141 101 0.61245
1 142 101 0.61115
1 143 101 0.612275
1 144 101 0.6072
1 145 101 0.611225
1 146 101 0.613025
1 147 101 0.614675
1 148 101 0.61965
1 149 101 0.616225
1 150 101 0.61765
1 151 101 0.616875
1 152 101 0.615425
1 153 101 0.6246
1 154 101 0.62275
1 155 101 0.61845
1 156 101 0.6161
1 157 101 0.62155
1 158 101 0.617775
1 159 101 0.61925
1 160 101 0.61975
1 161 101 0.617
1 162 101 0.6229
1 163 101 0.626
1 164 101 0.6203
1 165 101 0.624625
1 166 101 0.61865
1 167 101 0.61775
1 168 101 0.61795
1 169 101 0.624475
1 170 101 0.61965
1 171 101 0.61665
1 172 101 0.62135
1 173 101 0.619975
1 174 101 0.615025
1 175 101 0.61895
1 176 101 0.619875
1 177 101 0.6182
1 178 101 0.622875
1 179 101 0.617925
1 180 101 0.6199
1 181 101 0.62055
1 182 101 0.619025
1 183 101 0.620875
1 184 101 0.62485
1 185 101 0.62045
1 186 101 0.6225
1 187 101 0.623875
1 188 101 0.621425
1 189 101 0.622075
1 190 101 0.62555
1 191 101 0.627925
1 192 101 0.62515
1 193 101 0.6275
1 194 101 0.62925
1 195 101 0.62475
1 196 101 0.631
1 197 101 0.63215
1 198 101 0.624225
1 199 101 0.63225
1 200 101 0.6293
1 201 101 0.6284
1 202 101 0.6274
1 203 101 0.63265
1 204 101 0.6327
1 205 101 0.63195
1 206 101 0.63225
1 207 101 0.6363
1 208 101 0.63365
1 209 101 0.6332
1 210 101 0.63085
1 211 101 0.634575
1 212 101 0.633725
1 213 101 0.6319
1 214 101 0.632975
1 215 101 0.630475
1 216 101 0.63415
1 217 101 0.632925
1 218 101 0.633625
1 219 101 0.6346
1 220 101 0.63455
1 221 101 0.631325
1 222 101 0.639575
1 223 101 0.6315
1 224 101 0.633625
1 225 101 0.633525
1 226 101 0.6349
1 227 101 0.636075
1 228 101 0.632925
1 229 101 0.63575
1 230 101 0.6348
1 231 101 0.635675
1 232 101 0.63305
1 233 101 0.631175
1 234 101 0.635575
1 235 101 0.63745
1 236 101 0.6375
1 237 101 0.63805
1 238 101 0.634825
1 239 101 0.635025
1 240 101 0.63645
1 241 101 0.638025
1 242 101 0.637375
1 243 101 0.637925
1 244 101 0.64055
1 245 101 0.6406
1 246 101 0.63415
1 247 101 0.641225
1 248 101 0.638025
1 249 101 0.6392
1 250 101 0.639275
1 251 101 0.638475
1 252 101 0.6362
1 253 101 0.6395
1 254 101 0.637625
1 255 101 0.638725
1 256 101 0.6402
1 257 101 0.641875
1 258 101 0.641575
1 259 101 0.641675
1 260 101 0.6401
1 261 101 0.6408
1 262 101 0.642175
1 263 101 0.64125
1 264 101 0.64215
1 265 101 0.641725
1 266 101 0.639975
1 267 101 0.6398
1 268 101 0.6398
1 269 101 0.64015
1 270 101 0.641475
1 271 101 0.641575
1 272 101 0.641675
1 273 101 0.6422
1 274 101 0.642425
1 275 101 0.64175
1 276 101 0.638875
1 277 101 0.644925
1 278 101 0.639625
1 279 101 0.644725
1 280 101 0.645425
1 281 101 0.64415
1 282 101 0.63905
1 283 101 0.645525
1 284 101 0.641
1 285 101 0.640175
1 286 101 0.645775
1 287 101 0.641575
1 288 101 0.644075
1 289 101 0.64675
1 290 101 0.641575
1 291 101 0.6433
1 292 101 0.643275
1 293 101 0.644975
1 294 101 0.643225
1 295 101 0.64215
1 296 101 0.64125
1 297 101 0.6478
1 298 101 0.64465
1 299 101 0.6442
1 300 101 0.6445
1 301 101 0.6442
1 302 101 0.64425
1 303 101 0.6458
1 304 101 0.644025
1 305 101 0.646175
1 306 101 0.6446
1 307 101 0.6477
1 308 101 0.6471
1 309 101 0.648425
1 310 101 0.647925
1 311 101 0.646825
1 312 101 0.64965
1 313 101 0.648125
1 314 101 0.6494
1 315 101 0.6495
1 316 101 0.648175
1 317 101 0.6534
1 318 101 0.65045
1 319 101 0.6503
1 320 101 0.649225
1 321 101 0.65085
1 322 101 0.6515
1 323 101 0.64995
1 324 101 0.64785
1 325 101 0.64975
1 326 101 0.65125
1 327 101 0.654975
1 328 101 0.64855
1 329 101 0.656925
1 330 101 0.6537
1 331 101 0.6473
1 332 101 0.651075
1 333 101 0.653375
1 334 101 0.65085
1 335 101 0.651475
1 336 101 0.65235
1 337 101 0.652475
1 338 101 0.6542
1 339 101 0.6513
1 340 101 0.653575
1 341 101 0.6526
1 342 101 0.656125
1 343 101 0.65225
1 344 101 0.649925
1 345 101 0.654025
1 346 101 0.6523
1 347 101 0.6515
1 348 101 0.648425
1 349 101 0.65255
1 350 101 0.648825
1 351 101 0.6513
1 352 101 0.6554
1 353 101 0.65115
1 354 101 0.649225
1 355 101 0.6538
1 356 101 0.65415
1 357 101 0.656125
1 358 101 0.654
1 359 101 0.651075
1 360 101 0.652175
1 361 101 0.650375
1 362 101 0.653775
1 363 101 0.653675
1 364 101 0.65225
1 365 101 0.65265
1 366 101 0.6538
1 367 101 0.6545
1 368 101 0.65365
1 369 101 0.6531
1 370 101 0.653125
1 371 101 0.65155
1 372 101 0.6547
1 373 101 0.6522
1 374 101 0.655025
1 375 101 0.653575
1 376 101 0.6541
1 377 101 0.6506
1 378 101 0.6552
1 379 101 0.648825
1 380 101 0.65335
1 381 101 0.6522
1 382 101 0.654575
1 383 101 0.651725
1 384 101 0.6546
1 385 101 0.651725
1 386 101 0.65125
1 387 101 0.6575
1 388 101 0.6518
1 389 101 0.653425
1 390 101 0.65305
1 391 101 0.65125
1 392 101 0.654
1 393 101 0.656775
1 394 101 0.65665
1 395 101 0.6598
1 396 101 0.6529
1 397 101 0.655575
1 398 101 0.65565
1 399 101 0.654675
1 400 101 0.658325
1 401 101 0.65535
1 402 101 0.656175
1 403 101 0.6553
1 404 101 0.65345
1 405 101 0.656775
1 406 101 0.65985
1 407 101 0.654875
1 408 101 0.65525
1 409 101 0.656225
1 410 101 0.65325
1 411 101 0.659975
1 412 101 0.66095
1 413 101 0.657075
1 414 101 0.65935
1 415 101 0.656225
1 416 101 0.657475
1 417 101 0.659925
1 418 101 0.65515
1 419 101 0.65965
1 420 101 0.657975
1 421 101 0.65575
1 422 101 0.657875
1 423 101 0.657325
1 424 101 0.65875
1 425 101 0.659375
1 426 101 0.656025
1 427 101 0.6566
1 428 101 0.6608
1 429 101 0.6586
1 430 101 0.6561
1 431 101 0.656325
1 432 101 0.661125
1 433 101 0.660925
1 434 101 0.66195
1 435 101 0.658475
1 436 101 0.6605
1 437 101 0.660275
1 438 101 0.658
1 439 101 0.663075
1 440 101 0.66235
1 441 101 0.6596
1 442 101 0.662075
1 443 101 0.663925
1 444 101 0.66215
1 445 101 0.659725
1 446 101 0.657475
1 447 101 0.660825
1 448 101 0.658675
1 449 101 0.659625
1 450 101 0.664
1 451 101 0.661275
1 452 101 0.662975
1 453 101 0.660425
1 454 101 0.6574
1 455 101 0.66375
1 456 101 0.6667
1 457 101 0.66385
1 458 101 0.662225
1 459 101 0.665375
1 460 101 0.659675
1 461 101 0.659375
1 462 101 0.66205
1 463 101 0.662875
1 464 101 0.667
1 465 101 0.663
1 466 101 0.667075
1 467 101 0.6642
1 468 101 0.663
1 469 101 0.666875
1 470 101 0.663425
1 471 101 0.66275
1 472 101 0.6653
1 473 101 0.662575
1 474 101 0.66175
1 475 101 0.6651
1 476 101 0.665625
1 477 101 0.6649
1 478 101 0.66795
1 479 101 0.66725
1 480 101 0.665475
1 481 101 0.664775
1 482 101 0.6706
1 483 101 0.66585
1 484 101 0.667775
1 485 101 0.664425
1 486 101 0.667575
1 487 101 0.66405
1 488 101 0.6642
1 489 101 0.6647
1 490 101 0.668325
1 491 101 0.669775
1 492 101 0.66495
1 493 101 0.667175
1 494 101 0.664825
1 495 101 0.669975
1 496 101 0.672
1 497 101 0.67025
1 498 101 0.666925
1 499 101 0.668825
1 500 101 0.668175
1 501 101 0.669825
1 502 101 0.669875
1 503 101 0.666775
1 504 101 0.67145
1 505 101 0.668775
1 506 101 0.671925
1 507 101 0.664225
1 508 101 0.668325
1 509 101 0.66815
1 510 101 0.6697
1 511 101 0.66895
1 512 101 0.667975
1 513 101 0.671925
1 514 101 0.6692
1 515 101 0.671325
1 516 101 0.67205
1 517 101 0.66865
1 518 101 0.670975
1 519 101 0.66835
1 520 101 0.67305
1 521 101 0.671825
1 522 101 0.67055
1 523 101 0.667575
1 524 101 0.6694
1 525 101 0.671725
1 526 101 0.6714
1 527 101 0.669825
1 528 101 0.675525
1 529 101 0.67095
1 530 101 0.666025
1 531 101 0.670225
1 532 101 0.674525
1 533 101 0.673
1 534 101 0.671275
1 535 101 0.67545
1 536 101 0.6715
1 537 101 0.671625
1 538 101 0.672025
1 539 101 0.6723
1 540 101 0.67115
1 541 101 0.67365
1 542 101 0.6727
1 543 101 0.670375
1 544 101 0.670925
1 545 101 0.671325
1 546 101 0.676475
1 547 101 0.6714
1 548 101 0.674775
1 549 101 0.6716
1 550 101 0.6777
1 551 101 0.67375
1 552 101 0.675975
1 553 101 0.675675
1 554 101 0.675875
1 555 101 0.6714
1 556 101 0.669325
1 557 101 0.674425
1 558 101 0.675475
1 559 101 0.6766
1 560 101 0.67295
1 561 101 0.6749
1 562 101 0.673375
1 563 101 0.677
1 564 101 0.6753
1 565 101 0.677125
1 566 101 0.676075
1 567 101 0.677875
1 568 101 0.67335
1 569 101 0.67845
1 570 101 0.676325
1 571 101 0.677775
1 572 101 0.676275
1 573 101 0.675375
1 574 101 0.679825
1 575 101 0.67635
1 576 101 0.676875
1 577 101 0.6772
1 578 101 0.673825
1 579 101 0.677275
1 580 101 0.678525
1 581 101 0.676375
1 582 101 0.6774
1 583 101 0.677925
1 584 101 0.67705
1 585 101 0.677575
1 586 101 0.679525
1 587 101 0.67985
1 588 101 0.6782
1 589 101 0.6793
1 590 101 0.680975
1 591 101 0.675925
1 592 101 0.6778
1 593 101 0.6769
1 594 101 0.680375
1 595 101 0.681275
1 596 101 0.682
1 597 101 0.682775
1 598 101 0.68305
1 599 101 0.681625
1 600 101 0.68075
1 601 101 0.68345
1 602 101 0.679175
1 603 101 0.685475
1 604 101 0.683125
1 605 101 0.683625
1 606 101 0.687225
1 607 101 0.68095
1 608 101 0.68325
1 609 101 0.6838
1 610 101 0.68325
1 611 101 0.67975
1 612 101 0.685
1 613 101 0.684475
1 614 101 0.686875
1 615 101 0.6874
1 616 101 0.684875
1 617 101 0.686175
1 618 101 0.68385
1 619 101 0.6845
1 620 101 0.68375
1 621 101 0.682775
1 622 101 0.6857
1 623 101 0.687275
1 624 101 0.685325
1 625 101 0.681925
1 626 101 0.687675
1 627 101 0.682675
1 628 101 0.68455
1 629 101 0.688475
1 630 101 0.686875
1 631 101 0.685625
1 632 101 0.6862
1 633 101 0.685875
1 634 101 0.683675
1 635 101 0.687925
1 636 101 0.685175
1 637 101 0.686375
1 638 101 0.68615
1 639 101 0.689675
1 640 101 0.684025
1 641 101 0.69005
1 642 101 0.686475
1 643 101 0.68555
1 644 101 0.6854
1 645 101 0.6865
1 646 101 0.690975
1 647 101 0.68805
1 648 101 0.687575
1 649 101 0.69215
1 650 101 0.682075
1 651 101 0.69055
1 652 101 0.690975
1 653 101 0.6882
1 654 101 0.68385
1 655 101 0.6936
1 656 101 0.688425
1 657 101 0.686075
1 658 101 0.687525
1 659 101 0.689675
1 660 101 0.68805
1 661 101 0.6866
1 662 101 0.685425
1 663 101 0.68665
1 664 101 0.6918
1 665 101 0.688625
1 666 101 0.68805
1 667 101 0.6883
1 668 101 0.6872
1 669 101 0.686875
1 670 101 0.6893
1 671 101 0.686625
1 672 101 0.688125
1 673 101 0.6872
1 674 101 0.68535
1 675 101 0.693025
1 676 101 0.6898
1 677 101 0.689475
1 678 101 0.687625
1 679 101 0.689575
1 680 101 0.687275
1 681 101 0.689175
1 682 101 0.686325
1 683 101 0.68975
1 684 101 0.69255
1 685 101 0.68965
1 686 101 0.6927
1 687 101 0.6904
1 688 101 0.693
1 689 101 0.691525
1 690 101 0.689375
1 691 101 0.6919
1 692 101 0.68995
1 693 101 0.6891
1 694 101 0.688625
1 695 101 0.6894
1 696 101 0.690725
1 697 101 0.6898
1 698 101 0.689375
1 699 101 0.688
1 700 101 0.68945
1 701 101 0.6906
1 702 101 0.692525
1 703 101 0.692425
1 704 101 0.68985
1 705 101 0.689225
1 706 101 0.69135
1 707 101 0.68735
1 708 101 0.6916
1 709 101 0.6913
1 710 101 0.689025
1 711 101 0.6911
1 712 101 0.694275
1 713 101 0.691475
1 714 101 0.692825
1 715 101 0.69365
1 716 101 0.69165
1 717 101 0.69265
1 718 101 0.688975
1 719 101 0.68785
1 720 101 0.691
1 721 101 0.6897
1 722 101 0.6915
1 723 101 0.6891
1 724 101 0.686175
1 725 101 0.690975
1 726 101 0.6884
1 727 101 0.693475
1 728 101 0.69
1 729 101 0.69135
1 730 101 0.689225
1 731 101 0.683825
1 732 101 0.69075
1 733 101 0.6914
1 734 101 0.69545
1 735 101 0.69005
1 736 101 0.68675
1 737 101 0.694475
1 738 101 0.693175
1 739 101 0.69015
1 740 101 0.691775
1 741 101 0.686675
1 742 101 0.68795
1 743 101 0.6916
1 744 101 0.69075
1 745 101 0.694
1 746 101 0.6899
1 747 101 0.688975
1 748 101 0.69095
1 749 101 0.6889
1 750 101 0.68885
1 751 101 0.68975
1 752 101 0.690675
1 753 101 0.68955
1 754 101 0.6903
1 755 101 0.68985
1 756 101 0.693175
1 757 101 0.68785
1 758 101 0.6945
1 759 101 0.692975
1 760 101 0.689775
1 761 101 0.6899
1 762 101 0.693575
1 763 101 0.690275
1 764 101 0.69345
1 765 101 0.690125
1 766 101 0.691375
1 767 101 0.68835
1 768 101 0.687525
1 769 101 0.692975
1 770 101 0.68895
1 771 101 0.693625
1 772 101 0.6933
1 773 101 0.689675
1 774 101 0.69055
1 775 101 0.694625
1 776 101 0.690075
1 777 101 0.68995
1 778 101 0.6933
1 779 101 0.69065
1 780 101 0.6962
1 781 101 0.696225
1 782 101 0.691975
1 783 101 0.69225
1 784 101 0.690425
1 785 101 0.69185
1 786 101 0.69415
1 787 101 0.68965
1 788 101 0.6897
1 789 101 0.692425
1 790 101 0.68725
1 791 101 0.694425
1 792 101 0.688675
1 793 101 0.691875
1 794 101 0.6914
1 795 101 0.69515
1 796 101 0.691825
1 797 101 0.689275
1 798 101 0.691175
1 799 101 0.691
1 800 101 0.689525
1 801 101 0.6881
1 802 101 0.690475
1 803 101 0.697525
1 804 101 0.694425
1 805 101 0.6947
1 806 101 0.6962
1 807 101 0.688875
1 808 101 0.691375
1 809 101 0.690525
1 810 101 0.689925
1 811 101 0.691575
1 812 101 0.6912
1 813 101 0.691025
1 814 101 0.687125
1 815 101 0.692125
1 816 101 0.69235
1 817 101 0.69185
1 818 101 0.69045
1 819 101 0.69745
1 820 101 0.689475
1 821 101 0.690575
1 822 101 0.68995
1 823 101 0.6928
1 824 101 0.690175
1 825 101 0.6891
1 826 101 0.6906
1 827 101 0.6938
1 828 101 0.689275
1 829 101 0.69165
1 830 101 0.69055
1 831 101 0.69035
1 832 101 0.69105
1 833 101 0.695825
1 834 101 0.686
1 835 101 0.691525
1 836 101 0.693525
1 837 101 0.69105
1 838 101 0.695675
1 839 101 0.69425
1 840 101 0.69285
1 841 101 0.695775
1 842 101 0.6922
1 843 101 0.693325
1 844 101 0.688075
1 845 101 0.68715
1 846 101 0.696275
1 847 101 0.6918
1 848 101 0.69155
1 849 101 0.69095
1 850 101 0.69385
1 851 101 0.695025
1 852 101 0.69265
1 853 101 0.689675
1 854 101 0.690025
1 855 101 0.69475
1 856 101 0.689925
1 857 101 0.693325
1 858 101 0.6925
1 859 101 0.688925
1 860 101 0.692175
1 861 101 0.695075
1 862 101 0.69695
1 863 101 0.692725
1 864 101 0.694125
1 865 101 0.690925
1 866 101 0.693075
1 867 101 0.6901
1 868 101 0.6942
1 869 101 0.6954
1 870 101 0.694325
1 871 101 0.6928
1 872 101 0.689775
1 873 101 0.692125
1 874 101 0.694225
1 875 101 0.6956
1 876 101 0.695925
1 877 101 0.696975
1 878 101 0.69125
1 879 101 0.69405
1 880 101 0.695025
1 881 101 0.6935
1 882 101 0.699275
1 883 101 0.692175
1 884 101 0.695975
1 885 101 0.691675
1 886 101 0.69345
1 887 101 0.70005
1 888 101 0.696275
1 889 101 0.697325
1 890 101 0.69385
1 891 101 0.696025
1 892 101 0.695175
1 893 101 0.698475
1 894 101 0.696225
1 895 101 0.69325
1 896 101 0.69295
1 897 101 0.69485
1 898 101 0.697225
1 899 101 0.698525
1 900 101 0.695225
1 901 101 0.699625
1 902 101 0.6961
1 903 101 0.698475
1 904 101 0.69725
1 905 101 0.700725
1 906 101 0.695575
1 907 101 0.697425
1 908 101 0.6979
1 909 101 0.696075
1 910 101 0.6979
1 911 101 0.69355
1 912 101 0.698175
1 913 101 0.70065
1 914 101 0.69605
1 915 101 0.695975
1 916 101 0.69485
1 917 101 0.699575
1 918 101 0.693
1 919 101 0.694775
1 920 101 0.69585
1 921 101 0.698175
1 922 101 0.6928
1 923 101 0.69805
1 924 101 0.695675
1 925 101 0.701025
1 926 101 0.69885
1 927 101 0.696525
1 928 101 0.69575
1 929 101 0.70095
1 930 101 0.69835
1 931 101 0.6971
1 932 101 0.69525
1 933 101 0.696025
1 934 101 0.70075
1 935 101 0.701625
1 936 101 0.6973
1 937 101 0.69775
1 938 101 0.69725
1 939 101 0.70155
1 940 101 0.695725
1 941 101 0.6991
1 942 101 0.695275
1 943 101 0.6948
1 944 101 0.694975
1 945 101 0.695225
1 946 101 0.695275
1 947 101 0.692375
1 948 101 0.697925
1 949 101 0.692675
1 950 101 0.697475
1 951 101 0.696925
1 952 101 0.69855
1 953 101 0.700625
1 954 101 0.69465
1 955 101 0.700275
1 956 101 0.697075
1 957 101 0.696275
1 958 101 0.696075
1 959 101 0.698575
1 960 101 0.6977
1 961 101 0.696825
1 962 101 0.6957
1 963 101 0.69995
1 964 101 0.69795
1 965 101 0.69745
1 966 101 0.6986
1 967 101 0.6976
1 968 101 0.700175
1 969 101 0.700125
1 970 101 0.70005
1 971 101 0.6974
1 972 101 0.69565
1 973 101 0.70155
1 974 101 0.6991
1 975 101 0.69985
1 976 101 0.703975
1 977 101 0.7043
1 978 101 0.699675
1 979 101 0.69635
1 980 101 0.698275
1 981 101 0.69975
1 982 101 0.7012
1 983 101 0.702775
1 984 101 0.6939
1 985 101 0.69745
1 986 101 0.6957
1 987 101 0.70205
1 988 101 0.6999
1 989 101 0.6958
1 990 101 0.6972
1 991 101 0.69695
1 992 101 0.7005
1 993 101 0.6994
1 994 101 0.69865
1 995 101 0.70065
1 996 101 0.70065
1 997 101 0.700725
1 998 101 0.7032
1 999 101 0.702825
1 1000 101 0.70115
2 1 101 0.500075
2 2 101 0.4658
2 3 101 0.4947
2 4 101 0.487275
2 5 101 0.4902
2 6 101 0.514875
2 7 101 0.519925
2 8 101 0.5147
2 9 101 0.50025
2 10 101 0.499575
2 11 101 0.49445
2 12 101 0.4937
2 13 101 0.4901
2 14 101 0.4915
2 15 101 0.500075
2 16 101 0.513575
2 17 101 0.51505
2 18 101 0.521725
2 19 101 0.5306
2 20 101 0.533425
2 21 101 0.538925
2 22 101 0.544975
2 23 101 0.554325
2 24 101 0.5559
2 25 101 0.55815
2 26 101 0.5594
2 27 101 0.56295
2 28 101 0.5589
2 29 101 0.553675
2 30 101 0.551975
2 31 101 0.548
2 32 101 0.545625
2 33 101 0.5448
2 34 101 0.539475
2 35 101 0.53695
2 36 101 0.54125
2 37 101 0.540625
2 38 101 0.5407
2 39 101 0.543325
2 40 101 0.546475
2 41 101 0.54695
2 42 101 0.543325
2 43 101 0.54475
2 44 101 0.548
2 45 101 0.54535
2 46 101 0.549625
2 47 101 0.55375
2 48 101 0.55665
2 49 101 0.560825
2 50 101 0.560225
2 51 101 0.56195
2 52 101 0.56605
2 53 101 0.563875
2 54 101 0.569575
2 55 101 0.572175
2 56 101 0.573225
2 57 101 0.573025
2 58 101 0.573575
2 59 101 0.578825
2 60 101 0.5813
2 61 101 0.5845
2 62 101 0.57765
2 63 101 0.581075
2 64 101 0.584775
2 65 101 0.5802
2 66 101 0.58005
2 67 101 0.5809
2 68 101 0.58025
2 69 101 0.577225
2 70 101 0.57495
2 71 101 0.575725
2 72 101 0.579475
2 73 101 0.577275
2 74 101 0.572425
2 75 101 0.571375
2 76 101 0.572375
2 77 101 0.57535
2 78 101 0.57815
2 79 101 0.577
2 80 101 0.5739
2 81 101 0.574525
2 82 101 0.574925
2 83 101 0.58015
2 84 101 0.58155
2 85 101 0.579275
2 86 101 0.58095
2 87 101 0.586525
2 88 101 0.582725
2 89 101 0.584125
2 90 101 0.587375
2 91 101 0.587725
2 92 101 0.589425
2 93 101 0.591375
2 94 101 0.59325
2 95 101 0.5976
2 96 101 0.5981
2 97 101 0.597475
2 98 101 0.602075
2 99 101 0.600725
2 100 101 0.6027
2 101 101 0.602325
2 102 101 0.603175
2 103 101 0.604225
2 104 101 0.604575
2 105 101 0.6099
2 106 101 0.607375
2 107 101 0.604975
2 108 101 0.6051
2 109 101 0.604175
2 110 101 0.60675
2 111 101 0.602875
2 112 101 0.60605
2 113 101 0.60225
2 114 101 0.6006
2 115 101 0.5976
2 116 101 0.6024
2 117 101 0.6076
2 118 101 0.60435
2 119 101 0.601975
2 120 101 0.605225
2 121 101 0.600025
2 122 101 0.5998
2 123 101 0.599925
2 124 101 0.600475
2 125 101 0.601975
2 126 101 0.5974
2 127 101 0.603525
2 128 101 0.6031
2 129 101 0.6037
2 130 101 0.6015
2 131 101 0.605575
2 132 101 0.601
2 133 101 0.603325
2 134 101 0.604175
2 135 101 0.605325
2 136 101 0.60465
2 137 101 0.60695
2 138 101 0.607725
2 139 101 0.604375
2 140 101 0.611725
2 141 101 0.6117
2 142 101 0.60775
2 143 101 0.61445
2 144 101 0.614025
2 145 101 0.61655
2 146 101 0.615675
2 147 101 0.613025
2 148 101 0.615725
2 149 101 0.61675
2 150 101 0.61925
2 151 101 0.616
2 152 101 0.615025
2 153 101 0.617775
2 154 101 0.620375
2 155 101 0.619025
2 156 101 0.620975
2 157 101 0.6192
2 158 101 0.613775
2 159 101 0.618775
2 160 101 0.619375
2 161 101 0.621425
2 162 101 0.620625
2 163 101 0.621975
2 164 101 0.6213
2 165 101 0.61855
2 166 101 0.62075
2 167 101 0.624
2 168 101 0.61675
2 169 101 0.617425
2 170 101 0.619275
2 171 101 0.619125
2 172 101 0.622775
2 173 101 0.618
2 174 101 0.6205
2 175 101 0.622325
2 176 101 0.619325
2 177 101 0.62005
2 178 101 0.61955
2 179 101 0.61725
2 180 101 0.618425
2 181 101 0.6183
2 182 101 0.61975
2 183 101 0.617225
2 184 101 0.620975
2 185 101 0.618725
2 186 101 0.624
2 187 101 0.620475
2 188 101 0.6199
2 189 101 0.6234
2 190 101 0.6254
2 191 101 0.626975
2 192 101 0.625275
2 193 101 0.62455
2 194 101 0.628025
2 195 101 0.624275
2 196 101 0.628575
2 197 101 0.6294
2 198 101 0.630525
2 199 101 0.63095
2 200 101 0.6325
2 201 101 0.630275
2 202 101 0.6323
2 203 101 0.63285
2 204 101 0.6334
2 205 101 0.6292
2 206 101 0.6302
2 207 101 0.6346
2 208 101 0.63325
2 209 101 0.63475
2 210 101 0.6341
2 211 101 0.632125
2 212 101 0.6329
2 213 101 0.632
2 214 101 0.630225
2 215 101 0.6324
2 216 101 0.6343
2 217 101 0.6326
2 218 101 0.63175
2 219 101 0.634375
2 220 101 0.631
2 221 101 0.635225
2 222 101 0.635375
2 223 101 0.63285
2 224 101 0.633975
2 225 101 0.63585
2 226 101 0.6341
2 227 101 0.632125
2 228 101 0.64
2 229 101 0.634225
2 230 101 0.631325
2 231 101 0.63345
2 232 101 0.633025
2 233 101 0.63725
2 234 101 0.6354
2 235 101 0.635275
2 236 101 0.63765
2 237 101 0.637525
2 238 101 0.639625
2 239 101 0.637325
2 240 101 0.638125
2 241 101 0.639625
2 242 101 0.6365
2 243 101 0.6366
2 244 101 0.637175
2 245 101 0.641075
2 246 101 0.638675
2 247 101 0.6369
2 248 101 0.6376
2 249 101 0.6378
2 250 101 0.6366
2 251 101 0.63755
2 252 101 0.63805
2 253 101 0.6398
2 254 101 0.63945
2 255 101 0.639775
2 256 101 0.638925
2 257 101 0.6383
2 258 101 0.64315
2 259 101 0.641025
2 260 101 0.6416
2 261 101 0.6412
2 262 101 0.641725
2 263 101 0.641825
2 264 101 0.64085
2 265 101 0.6402
2 266 101 0.647675
2 267 101 0.64225
2 268 101 0.642075
2 269 101 0.63865
2 270 101 0.643275
2 271 101 0.640825
2 272 101 0.6394
2 273 101 0.644
2 274 101 0.6429
2 275 101 0.6416
2 276 101 0.64065
2 277 101 0.642225
2 278 101 0.642725
2 279 101 0.641125
2 280 101 0.640825
2 281 101 0.638225
2 282 101 0.645325
2 283 101 0.644725
2 284 101 0.641975
2 285 101 0.641
2 286 101 0.642275
2 287 101 0.64245
2 288 101 0.640175
2 289 101 0.6428
2 290 101 0.640575
2 291 101 0.6473
2 292 101 0.641025
2 293 101 0.645925
2 294 101 0.64085
2 295 101 0.64075
2 296 101 0.646125
2 297 101 0.641775
2 298 101 0.64665
2 299 101 0.6483
2 300 101 0.647425
2 301 101 0.643525
2 302 101 0.64775
2 303 101 0.64715
2 304 101 0.644475
2 305 101 0.6488
2 306 101 0.644425
2 307 101 0.648
2 308 101 0.64685
2 309 101 0.647675
2 310 101 0.64565
2 311 101 0.644825
2 312 101 0.6447
2 313 101 0.6429
2 314 101 0.6479
2 315 101 0.648175
2 316 101 0.648025
2 317 101 0.64925
2 318 101 0.647225
2 319 101 0.6493
2 320 101 0.64485
2 321 101 0.649325
2 322 101 0.652825
2 323 101 0.653625
2 324 101 0.6523
2 325 101 0.649825
2 326 101 0.64935
2 327 101 0.648325
2 328 101 0.651025
2 329 101 0.65195
2 330 101 0.651925
2 331 101 0.6522
2 332 101 0.65365
2 333 101 0.652775
2 334 101 0.65245
2 335 101 0.650825
2 336 101 0.652825
2 337 101 0.6529
2 338 101 0.6556
2 339 101 0.654025
2 340 101 0.653025
2 341 101 0.656
2 342 101 0.650825
2 343 101 0.654325
2 344 101 0.6547
2 345 101 0.6529
2 346 101 0.65295
2 347 101 0.6538
2 348 101 0.6547
2 349 101 0.6516
2 350 101 0.652425
2 351 101 0.6545
2 352 101 0.656625
2 353 101 0.6548
2 354 101 0.6529
2 355 101 0.650575
2 356 101 0.65485
2 357 101 0.65325
2 358 101 0.65395
2 359 101 0.656125
2 360 101 0.653725
2 361 101 0.652775
2 362 101 0.65285
2 363 101 0.6508
2 364 101 0.65265
2 365 101 0.65155
2 366 101 0.653575
2 367 101 0.65355
2 368 101 0.65345
2 369 101 0.65355
2 370 101 0.654325
2 371 101 0.654
2 372 101 0.6542
2 373 101 0.65285
2 374 101 0.655875
2 375 101 0.652875
2 376 101 0.653525
2 377 101 0.656
2 378 101 0.652
2 379 101 0.6581
2 380 101 0.652025
2 381 101 0.652
2 382 101 0.654625
2 383 101 0.649975
2 384 101 0.655875
2 385 101 0.653725
2 386 101 0.654725
2 387 101 0.6533
2 388 101 0.65185
2 389 101 0.6527
2 390 101 0.656275
2 391 101 0.6507
2 392 101 0.653475
2 393 101 0.652
2 394 101 0.652
2 395 101 0.654475
2 396 101 0.652925
2 397 101 0.654225
2 398 101 0.657125
2 399 101 0.6565
2 400 101 0.6552
2 401 101 0.656775
2 402 101 0.657675
2 403 101 0.65265
2 404 101 0.65565
2 405 101 0.656475
2 406 101 0.653325
2 407 101 0.65725
2 408 101 0.655475
2 409 101 0.6567
2 410 101 0.654425
2 411 101 0.657625
2 412 101 0.655325
2 413 101 0.657675
2 414 101 0.659
2 415 101 0.6563
2 416 101 0.658775
2 417 101 0.659225
2 418 101 0.659625
2 419 101 0.65455
2 420 101 0.658325
2 421 101 0.658775
2 422 101 0.659625
2 423 101 0.6597
2 424 101 0.65625
2 425 101 0.6549
2 426 101 0.6578
2 427 101 0.659875
2 428 101 0.657125
2 429 101 0.6595
2 430 101 0.659725
2 431 101 0.6586
2 432 101 0.663825
2 433 101 0.657075
2 434 101 0.663925
2 435 101 0.659475
2 436 101 0.657875
2 437 101 0.659275
2 438 101 0.66225
2 439 101 0.65885
2 440 101 0.660625
2 441 101 0.66205
2 442 101 0.66455
2 443 101 0.66125
2 444 101 0.6592
2 445 101 0.661925
2 446 101 0.66085
2 447 101 0.662175
2 448 101 0.660075
2 449 101 0.661625
2 450 101 0.665525
2 451 101 0.66215
2 452 101 0.659275
2 453 101 0.660975
2 454 101 0.657825
2 455 101 0.6624
2 456 101 0.664525
2 457 101 0.663
2 458 101 0.662675
2 459 101 0.664375
2 460 101 0.66355
2 461 101 0.66185
2 462 101 0.662
2 463 101 0.665125
2 464 101 0.664775
2 465 101 0.662475
2 466 101 0.663225
2 467 101 0.6607
2 468 101 0.6659
2 469 101 0.664025
2 470 101 0.6665
2 471 101 0.663025
2 472 101 0.661725
2 473 101 0.664425
2 474 101 0.659925
2 475 101 0.662975
2 476 101 0.665025
2 477 101 0.66155
2 478 101 0.66495
2 479 101 0.666425
2 480 101 0.6678
2 481 101 0.666725
2 482 101 0.668475
2 483 101 0.6658
2 484 101 0.667025
2 485 101 0.670125
2 486 101 0.668475
2 487 101 0.666625
2 488 101 0.669425
2 489 101 0.66845
2 490 101 0.66925
2 491 101 0.667825
2 492 101 0.6675
2 493 101 0.667225
2 494 101 0.66775
2 495 101 0.66495
2 496 101 0.666675
2 497 101 0.667375
2 498 101 0.6672
2 499 101 0.6667
2 500 101 0.6694
2 501 101 0.66575
2 502 101 0.6686
2 503 101 0.6716
2 504 101 0.669725
2 505 101 0.668525
2 506 101 0.669675
2 507 101 0.664575
2 508 101 0.670225
2 509 101 0.66975
2 510 101 0.67005
2 511 101 0.669575
2 512 101 0.667925
2 513 101 0.669
2 514 101 0.667925
2 515 101 0.66985
2 516 101 0.66595
2 517 101 0.671025
2 518 101 0.67105
2 519 101 0.667675
2 520 101 0.66775
2 521 101 0.669625
2 522 101 0.669725
2 523 101 0.673225
2 524 101 0.66805
2 525 101 0.674
2 526 101 0.667725
2 527 101 0.672225
2 528 101 0.6717
2 529 101 0.670625
2 530 101 0.668875
2 531 101 0.6722
2 532 101 0.6717
2 533 101 0.6742
2 534 101 0.67445
2 535 101 0.671825
2 536 101 0.6726
2 537 101 0.672575
2 538 101 0.67365
2 539 101 0.673325
2 540 101 0.67235
2 541 101 0.67155
2 542 101 0.67375
2 543 101 0.6734
2 544 101 0.673325
2 545 101 0.67165
2 546 101 0.67375
2 547 101 0.676
2 548 101 0.67055
2 549 101 0.671825
2 550 101 0.673875
2 551 101 0.674875
2 552 101 0.6722
2 553 101 0.6717
2 554 101 0.675975
2 555 101 0.675
2 556 101 0.6759
2 557 101 0.674475
2 558 101 0.671575
2 559 101 0.67195
2 560 101 0.6725
2 561 101 0.6707
2 562 101 0.67475
2 563 101 0.674725
2 564 101 0.67115
2 565 101 0.675175
2 566 101 0.673325
2 567 101 0.6755
2 568 101 0.676375
2 569 101 0.675875
2 570 101 0.6767
2 571 101 0.67605
2 572 101 0.676225
2 573 101 0.6766
2 574 101 0.67955
2 575 101 0.679025
2 576 101 0.678775
2 577 101 0.67985
2 578 101 0.67495
2 579 101 0.67895
2 580 101 0.678875
2 581 101 0.679975
2 582 101 0.679275
2 583 101 0.6824
2 584 101 0.6781
2 585 101 0.678625
2 586 101 0.6799
2 587 101 0.674225
2 588 101 0.6791
2 589 101 0.679775
2 590 101 0.67745
2 591 101 0.679125
2 592 101 0.6811
2 593 101 0.67905
2 594 101 0.682175
2 595 101 0.682725
2 596 101 0.68275
2 597 101 0.6812
2 598 101 0.679575
2 599 101 0.68065
2 600 101 0.686575
2 601 101 0.682025
2 602 101 0.683425
2 603 101 0.6767
2 604 101 0.682625
2 605 101 0.682075
2 606 101 0.6825
2 607 101 0.684875
2 608 101 0.685875
2 609 101 0.6812
2 610 101 0.68445
2 611 101 0.682725
2 612 101 0.684625
2 613 101 0.686325
2 614 101 0.686325
2 615 101 0.687075
2 616 101 0.68395
2 617 101 0.683875
2 618 101 0.688275
2 619 101 0.68455
2 620 101 0.68435
2 621 101 0.685375
2 622 101 0.684
2 623 101 0.68575
2 624 101 0.683425
2 625 101 0.6823
2 626 101 0.684475
2 627 101 0.681325
2 628 101 0.68635
2 629 101 0.684075
2 630 101 0.68415
2 631 101 0.6855
2 632 101 0.6857
2 633 101 0.689975
2 634 101 0.684825
2 635 101 0.688125
2 636 101 0.68625
2 637 101 0.685575
2 638 101 0.68455
2 639 101 0.6873
2 640 101 0.686775
2 641 101 0.68765
2 642 101 0.684125
2 643 101 0.6859
2 644 101 0.690325
2 645 101 0.6854
2 646 101 0.6864
2 647 101 0.687125
2 648 101 0.69055
2 649 101 0.68535
2 650 101 0.688075
2 651 101 0.6855
2 652 101 0.6849
2 653 101 0.6869
2 654 101 0.6897
2 655 101 0.681875
2 656 101 0.6876
2 657 101 0.686425
2 658 101 0.68845
2 659 101 0.688775
2 660 101 0.6885
2 661 101 0.685825
2 662 101 0.686525
2 663 101 0.68865
2 664 101 0.6912
2 665 101 0.688625
2 666 101 0.68695
2 667 101 0.688125
2 668 101 0.688025
2 669 101 0.686775
2 670 101 0.688475
2 671 101 0.6942
2 672 101 0.690025
2 673 101 0.69015
2 674 101 0.688525
2 675 101 0.68795
2 676 101 0.68975
2 677 101 0.691975
2 678 101 0.6858
2 679 101 0.687525
2 680 101 0.686225
2 681 101 0.690025
2 682 101 0.6904
2 683 101 0.687975
2 684 101 0.6863
2 685 101 0.689475
2 686 101 0.690275
2 687 101 0.690575
2 688 101 0.686075
2 689 101 0.694025
2 690 101 0.687075
2 691 101 0.6932
2 692 101 0.6879
2 693 101 0.684175
2 694 101 0.690675
2 695 101 0.689125
2 696 101 0.690725
2 697 101 0.693925
2 698 101 0.69075
2 699 101 0.689925
2 700 101 0.690825
2 701 101 0.690025
2 702 101 0.68935
2 703 101 0.693875
2 704 101 0.69205
2 705 101 0.68975
2 706 101 0.687225
2 707 101 0.69425
2 708 101 0.686625
2 709 101 0.691
2 710 101 0.688625
2 711 101 0.68945
2 712 101 0.691375
2 713 101 0.69085
2 714 101 0.690175
2 715 101 0.6888
2 716 101 0.689975
2 717 101 0.691325
2 718 101 0.688925
2 719 101 0.692525
2 720 101 0.69105
2 721 101 0.69095
2 722 101 0.693725
2 723 101 0.689525
2 724 101 0.69175
2 725 101 0.6926
2 726 101 0.68875
2 727 101 0.690475
2 728 101 0.691175
2 729 101 0.691475
2 730 101 0.68935
2 731 101 0.691725
2 732 101 0.6941
2 733 101 0.6947
2 734 101 0.6914
2 735 101 0.6933
2 736 101 0.69135
2 737 101 0.690675
2 738 101 0.69455
2 739 101 0.6863
2 740 101 0.688525
2 741 101 0.6922
2 742 101 0.6919
2 743 101 0.69045
2 744 101 0.6915
2 745 101 0.6916
2 746 101 0.692775
2 747 101 0.687675
2 748 101 0.694075
2 749 101 0.6882
2 750 101 0.689275
2 751 101 0.68815
2 752 101 0.692525
2 753 101 0.693875
2 754 101 0.69
2 755 101 0.693025
2 756 101 0.6893
2 757 101 0.690525
2 758 101 0.6886
2 759 101 0.688875
2 760 101 0.690975
2 761 101 0.686425
2 762 101 0.691975
2 763 101 0.693875
2 764 101 0.69285
2 765 101 0.689975
2 766 101 0.68985
2 767 101 0.6914
2 768 101 0.690425
2 769 101 0.69095
2 770 101 0.691425
2 771 101 0.6959
2 772 101 0.690825
2 773 101 0.69015
2 774 101 0.68875
2 775 101 0.690375
2 776 101 0.685925
2 777 101 0.688325
2 778 101 0.69185
2 779 101 0.69165
2 780 101 0.689975
2 781 101 0.69455
2 782 101 0.692825
2 783 101 0.6888
2 784 101 0.689725
2 785 101 0.691725
2 786 101 0.6891
2 787 101 0.692025
2 788 101 0.692
2 789 101 0.6922
2 790 101 0.69335
2 791 101 0.696675
2 792 101 0.696
2 793 101 0.692525
2 794 101 0.690625
2 795 101 0.6962
2 796 101 0.69455
2 797 101 0.690825
2 798 101 0.6899
2 799 101 0.6926
2 800 101 0.6903
2 801 101 0.688825
2 802 101 0.6925
2 803 101 0.696975
2 804 101 0.69145
2 805 101 0.6937
2 806 101 0.690525
2 807 101 0.691075
2 808 101 0.6932
2 809 101 0.694225
2 810 101 0.693575
2 811 101 0.68975
2 812 101 0.688025
2 813 101 0.690325
2 814 101 0.690475
2 815 101 0.692275
2 816 101 0.6881
2 817 101 0.693775
2 818 101 0.693375
2 819 101 0.68895
2 820 101 0.6962
2 821 101 0.69175
2 822 101 0.69285
2 823 101 0.69465
2 824 101 0.69385
2 825 101 0.688575
2 826 101 0.689275
2 827 101 0.69015
2 828 101 0.690625
2 829 101 0.689575
2 830 101 0.692675
2 831 101 0.692
2 832 101 0.69095
2 833 101 0.692275
2 834 101 0.691325
2 835 101 0.693325
2 836 101 0.6915
2 837 101 0.693675
2 838 101 0.6906
2 839 101 0.6939
2 840 101 0.691225
2 841 101 0.693225
2 842 101 0.695
2 843 101 0.6955
2 844 101 0.688825
2 845 101 0.69355
2 846 101 0.695375
2 847 101 0.691775
2 848 101 0.692125
2 849 101 0.691525
2 850 101 0.69335
2 851 101 0.692225
2 852 101 0.6889
2 853 101 0.6923
2 854 101 0.692175
2 855 101 0.69275
2 856 101 0.691675
2 857 101 0.6901
2 858 101 0.6921
2 859 101 0.692
2 860 101 0.692225
2 861 101 0.696225
2 862 101 0.69385
2 863 101 0.692425
2 864 101 0.69165
2 865 101 0.692925
2 866 101 0.6896
2 867 101 0.689025
2 868 101 0.692525
2 869 101 0.698125
2 870 101 0.690775
2 871 101 0.6921
2 872 101 0.69695
2 873 101 0.6937
2 874 101 0.690525
2 875 101 0.695825
2 876 101 0.694975
2 877 101 0.69375
2 878 101 0.6949
2 879 101 0.691675
2 880 101 0.693225
2 881 101 0.695575
2 882 101 0.69485
2 883 101 0.693575
2 884 101 0.697125
2 885 101 0.694525
2 886 101 0.696325
2 887 101 0.69585
2 888 101 0.696225
2 889 101 0.6977
2 890 101 0.692875
2 891 101 0.693225
2 892 101 0.69575
2 893 101 0.69055
2 894 101 0.6907
2 895 101 0.695975
2 896 101 0.699875
2 897 101 0.696
2 898 101 0.697125
2 899 101 0.698575
2 900 101 0.690575
2 901 101 0.695825
2 902 101 0.7004
2 903 101 0.69885
2 904 101 0.693625
2 905 101 0.696825
2 906 101 0.69785
2 907 101 0.69355
2 908 101 0.696475
2 909 101 0.698725
2 910 101 0.6949
2 911 101 0.692975
2 912 101 0.694825
2 913 101 0.698
2 914 101 0.697775
2 915 101 0.69755
2 916 101 0.6993
2 917 101 0.698175
2 918 101 0.6979
2 919 101 0.697825
2 920 101 0.6995
2 921 101 0.698
2 922 101 0.699875
2 923 101 0.6966
2 924 101 0.69815
2 925 101 0.695725
2 926 101 0.696525
2 927 101 0.7002
2 928 101 0.698175
2 929 101 0.6995
2 930 101 0.694875
2 931 101 0.700525
2 932 101 0.696875
2 933 101 0.6973
2 934 101 0.695275
2 935 101 0.69595
2 936 101 0.6996
2 937 101 0.694
2 938 101 0.69885
2 939 101 0.6992
2 940 101 0.699025
2 941 101 0.700325
2 942 101 0.695525
2 943 101 0.6985
2 944 101 0.697525
2 945 101 0.69925
2 946 101 0.698675
2 947 101 0.695675
2 948 101 0.697825
2 949 101 0.6971
2 950 101 0.69965
2 951 101 0.69625
2 952 101 0.6975
2 953 101 0.6987
2 954 101 0.69655
2 955 101 0.6979
2 956 101 0.695225
2 957 101 0.699025
2 958 101 0.6966
2 959 101 0.69455
2 960 101 0.6943
2 961 101 0.698325
2 962 101 0.699175
2 963 101 0.699825
2 964 101 0.698825
2 965 101 0.699875
2 966 101 0.698425
2 967 101 0.699075
2 968 101 0.6988
2 969 101 0.69895
2 970 101 0.698075
2 971 101 0.698775
2 972 101 0.7025
2 973 101 0.702375
2 974 101 0.69705
2 975 101 0.69715
2 976 101 0.701775
2 977 101 0.700625
2 978 101 0.697775
2 979 101 0.699725
2 980 101 0.7018
2 981 101 0.70305
2 982 101 0.696525
2 983 101 0.698025
2 984 101 0.6971
2 985 101 0.701975
2 986 101 0.698175
2 987 101 0.7022
2 988 101 0.698675
2 989 101 0.6993
2 990 101 0.698225
2 991 101 0.7012
2 992 101 0.700825
2 993 101 0.702275
2 994 101 0.696275
2 995 101 0.697075
2 996 101 0.699675
2 997 101 0.70385
2 998 101 0.700875
2 999 101 0.6981
2 1000 101 0.703975
