1 1 1 0.510256
1 2 1 0.4966
1 3 1 0.502925
1 4 1 0.5176
1 5 1 0.495825
1 6 1 0.49415
1 7 1 0.494075
1 8 1 0.4991
1 9 1 0.494275
1 10 1 0.5056
1 11 1 0.49805
1 12 1 0.50195
1 13 1 0.4968
1 14 1 0.494275
1 15 1 0.50885
1 16 1 0.495925
1 17 1 0.495575
1 18 1 0.496725
1 19 1 0.503375
1 20 1 0.493075
1 21 1 0.5032
1 22 1 0.503125
1 23 1 0.49605
1 24 1 0.49645
1 25 1 0.497325
1 26 1 0.5039
1 27 1 0.4955
1 28 1 0.4948
1 29 1 0.50005
1 30 1 0.503375
1 31 1 0.503925
1 32 1 0.50265
1 33 1 0.4997
1 34 1 0.5004
1 35 1 0.499475
1 36 1 0.49885
1 37 1 0.495775
1 38 1 0.5017
1 39 1 0.501825
1 40 1 0.500675
1 41 1 0.501625
1 42 1 0.50105
1 43 1 0.499825
1 44 1 0.500925
1 45 1 0.500025
1 46 1 0.505325
1 47 1 0.4974
1 48 1 0.4979
1 49 1 0.49675
1 50 1 0.5015
1 51 1 0.501225
1 52 1 0.496675
1 53 1 0.500475
1 54 1 0.502325
1 55 1 0.50515
1 56 1 0.497425
1 57 1 0.501325
1 58 1 0.498425
1 59 1 0.502575
1 60 1 0.50095
1 61 1 0.499875
1 62 1 0.49435
1 63 1 0.500575
1 64 1 0.495825
1 65 1 0.50105
1 66 1 0.5041
1 67 1 0.501375
1 68 1 0.4977
1 69 1 0.4986
1 70 1 0.49575
1 71 1 0.498725
1 72 1 0.49785
1 73 1 0.49575
1 74 1 0.496075
1 75 1 0.49955
1 76 1 0.501825
1 77 1 0.50085
1 78 1 0.498725
1 79 1 0.502425
1 80 1 0.49905
1 81 1 0.5054
1 82 1 0.506375
1 83 1 0.4969
1 84 1 0.4999
1 85 1 0.5017
1 86 1 0.500425
1 87 1 0.500925
1 88 1 0.500125
1 89 1 0.503975
1 90 1 0.503525
1 91 1 0.499875
1 92 1 0.501775
1 93 1 0.498025
1 94 1 0.5022
1 95 1 0.504525
1 96 1 0.50115
1 97 1 0.498375
1 98 1 0.5009
1 99 1 0.5006
1 100 1 0.5038
1 101 1 0.499175
1 102 1 0.499425
1 103 1 0.50305
1 104 1 0.503275
1 105 1 0.502475
1 106 1 0.50025
1 107 1 0.501975
1 108 1 0.50595
1 109 1 0.49925
1 110 1 0.4995
1 111 1 0.505525
1 112 1 0.49455
1 113 1 0.501575
1 114 1 0.497625
1 115 1 0.499425
1 116 1 0.4981
1 117 1 0.49885
1 118 1 0.499775
1 119 1 0.500275
1 120 1 0.5018
1 121 1 0.5011
1 122 1 0.50065
1 123 1 0.4967
1 124 1 0.498
1 125 1 0.500125
1 126 1 0.4957
1 127 1 0.504575
1 128 1 0.5019
1 129 1 0.50055
1 130 1 0.501225
1 131 1 0.5017
1 132 1 0.50065
1 133 1 0.49775
1 134 1 0.49505
1 135 1 0.502525
1 136 1 0.501825
1 137 1 0.4993
1 138 1 0.49595
1 139 1 0.49885
1 140 1 0.503175
1 141 1 0.500225
1 142 1 0.502675
1 143 1 0.5025
1 144 1 0.49925
1 145 1 0.504625
1 146 1 0.50715
1 147 1 0.498675
1 148 1 0.4937
1 149 1 0.497975
1 150 1 0.49825
1 151 1 0.4969
1 152 1 0.50175
1 153 1 0.49675
1 154 1 0.504025
1 155 1 0.49855
1 156 1 0.495275
1 157 1 0.4938
1 158 1 0.500425
1 159 1 0.5019
1 160 1 0.49885
1 161 1 0.5014
1 162 1 0.501075
1 163 1 0.499975
1 164 1 0.506
1 165 1 0.4987
1 166 1 0.500925
1 167 1 0.500875
1 168 1 0.497025
1 169 1 0.49905
1 170 1 0.4993
1 171 1 0.50105
1 172 1 0.4976
1 173 1 0.500375
1 174 1 0.503725
1 175 1 0.5033
1 176 1 0.504125
1 177 1 0.500475
1 178 1 0.50295
1 179 1 0.4987
1 180 1 0.504025
1 181 1 0.498475
1 182 1 0.501475
1 183 1 0.4985
1 184 1 0.501175
1 185 1 0.500575
1 186 1 0.500325
1 187 1 0.501625
1 188 1 0.497675
1 189 1 0.498975
1 190 1 0.502525
1 191 1 0.5054
1 192 1 0.502075
1 193 1 0.495975
1 194 1 0.499675
1 195 1 0.502325
1 196 1 0.503325
1 197 1 0.49835
1 198 1 0.495975
1 199 1 0.4993
1 200 1 0.504875
1 201 1 0.498925
1 202 1 0.50225
1 203 1 0.496725
1 204 1 0.5
1 205 1 0.502425
1 206 1 0.49825
1 207 1 0.5021
1 208 1 0.498825
1 209 1 0.50405
1 210 1 0.496975
1 211 1 0.497875
1 212 1 0.502725
1 213 1 0.4993
1 214 1 0.504425
1 215 1 0.493225
1 216 1 0.49745
1 217 1 0.4982
1 218 1 0.499925
1 219 1 0.49915
1 220 1 0.4982
1 221 1 0.50085
1 222 1 0.50245
1 223 1 0.499975
1 224 1 0.499525
1 225 1 0.49845
1 226 1 0.50155
1 227 1 0.506375
1 228 1 0.50445
1 229 1 0.5023
1 230 1 0.50085
1 231 1 0.5019
1 232 1 0.5048
1 233 1 0.498475
1 234 1 0.498575
1 235 1 0.50135
1 236 1 0.500875
1 237 1 0.5031
1 238 1 0.50795
1 239 1 0.5021
1 240 1 0.496725
1 241 1 0.4995
1 242 1 0.502475
1 243 1 0.499075
1 244 1 0.5018
1 245 1 0.50245
1 246 1 0.49855
1 247 1 0.4973
1 248 1 0.501225
1 249 1 0.50155
1 250 1 0.499875
1 251 1 0.502325
1 252 1 0.503375
1 253 1 0.497575
1 254 1 0.49915
1 255 1 0.5016
1 256 1 0.49785
1 257 1 0.5
1 258 1 0.496975
1 259 1 0.5064
1 260 1 0.500225
1 261 1 0.49865
1 262 1 0.50005
1 263 1 0.500975
1 264 1 0.50455
1 265 1 0.5041
1 266 1 0.4991
1 267 1 0.5003
1 268 1 0.49925
1 269 1 0.495175
1 270 1 0.500275
1 271 1 0.501225
1 272 1 0.50155
1 273 1 0.501775
1 274 1 0.499775
1 275 1 0.500025
1 276 1 0.501025
1 277 1 0.50265
1 278 1 0.50235
1 279 1 0.501
1 280 1 0.499125
1 281 1 0.501525
1 282 1 0.497225
1 283 1 0.506025
1 284 1 0.5002
1 285 1 0.50555
1 286 1 0.50065
1 287 1 0.5004
1 288 1 0.500925
1 289 1 0.501625
1 290 1 0.503625
1 291 1 0.499775
1 292 1 0.5002
1 293 1 0.50205
1 294 1 0.501475
1 295 1 0.500975
1 296 1 0.503975
1 297 1 0.4995
1 298 1 0.5028
1 299 1 0.50305
1 300 1 0.50185
1 301 1 0.498575
1 302 1 0.500775
1 303 1 0.501325
1 304 1 0.502425
1 305 1 0.4987
1 306 1 0.49795
1 307 1 0.5016
1 308 1 0.5006
1 309 1 0.504625
1 310 1 0.50495
1 311 1 0.496625
1 312 1 0.498975
1 313 1 0.499475
1 314 1 0.500275
1 315 1 0.497875
1 316 1 0.5025
1 317 1 0.5016
1 318 1 0.504425
1 319 1 0.5031
1 320 1 0.498875
1 321 1 0.499525
1 322 1 0.50165
1 323 1 0.5044
1 324 1 0.503275
1 325 1 0.5045
1 326 1 0.502275
1 327 1 0.5022
1 328 1 0.500475
1 329 1 0.508975
1 330 1 0.50305
1 331 1 0.497975
1 332 1 0.50195
1 333 1 0.501225
1 334 1 0.50295
1 335 1 0.501575
1 336 1 0.502525
1 337 1 0.500925
1 338 1 0.497675
1 339 1 0.502325
1 340 1 0.4942
1 341 1 0.499675
1 342 1 0.502725
1 343 1 0.497025
1 344 1 0.503
1 345 1 0.4987
1 346 1 0.4973
1 347 1 0.500775
1 348 1 0.5001
1 349 1 0.50105
1 350 1 0.505
1 351 1 0.504025
1 352 1 0.4979
1 353 1 0.50375
1 354 1 0.4991
1 355 1 0.503075
1 356 1 0.502775
1 357 1 0.4988
1 358 1 0.49995
1 359 1 0.50225
1 360 1 0.499375
1 361 1 0.507275
1 362 1 0.5016
1 363 1 0.503525
1 364 1 0.500625
1 365 1 0.503175
1 366 1 0.503025
1 367 1 0.5044
1 368 1 0.4997
1 369 1 0.4976
1 370 1 0.50335
1 371 1 0.4988
1 372 1 0.498525
1 373 1 0.50105
1 374 1 0.49675
1 375 1 0.499575
1 376 1 0.497725
1 377 1 0.495475
1 378 1 0.498625
1 379 1 0.504575
1 380 1 0.499
1 381 1 0.49995
1 382 1 0.502525
1 383 1 0.499975
1 384 1 0.4982
1 385 1 0.49755
1 386 1 0.501325
1 387 1 0.49985
1 388 1 0.506125
1 389 1 0.504
1 390 1 0.500425
1 391 1 0.494475
1 392 1 0.5011
1 393 1 0.500825
1 394 1 0.504375
1 395 1 0.5011
1 396 1 0.499925
1 397 1 0.504475
1 398 1 0.496125
1 399 1 0.499025
1 400 1 0.502225
1 401 1 0.500475
1 402 1 0.498025
1 403 1 0.499275
1 404 1 0.49925
1 405 1 0.505875
1 406 1 0.50445
1 407 1 0.503525
1 408 1 0.502475
1 409 1 0.50195
1 410 1 0.503375
1 411 1 0.498
1 412 1 0.505475
1 413 1 0.50185
1 414 1 0.50015
1 415 1 0.503
1 416 1 0.501025
1 417 1 0.501075
1 418 1 0.5005
1 419 1 0.50195
1 420 1 0.509625
1 421 1 0.49975
1 422 1 0.500525
1 423 1 0.500625
1 424 1 0.499925
1 425 1 0.50125
1 426 1 0.50065
1 427 1 0.4992
1 428 1 0.5024
1 429 1 0.50195
1 430 1 0.499325
1 431 1 0.5019
1 432 1 0.503525
1 433 1 0.498825
1 434 1 0.496525
1 435 1 0.502675
1 436 1 0.502375
1 437 1 0.502325
1 438 1 0.49855
1 439 1 0.500275
1 440 1 0.50325
1 441 1 0.50025
1 442 1 0.5055
1 443 1 0.495425
1 444 1 0.498075
1 445 1 0.5024
1 446 1 0.501275
1 447 1 0.50135
1 448 1 0.500175
1 449 1 0.49735
1 450 1 0.497525
1 451 1 0.504475
1 452 1 0.501225
1 453 1 0.50105
1 454 1 0.502175
1 455 1 0.49575
1 456 1 0.50045
1 457 1 0.5009
1 458 1 0.503125
1 459 1 0.501875
1 460 1 0.49815
1 461 1 0.506675
1 462 1 0.500075
1 463 1 0.502175
1 464 1 0.5018
1 465 1 0.5001
1 466 1 0.49935
1 467 1 0.500475
1 468 1 0.5022
1 469 1 0.5001
1 470 1 0.50055
1 471 1 0.50085
1 472 1 0.502325
1 473 1 0.502
1 474 1 0.5038
1 475 1 0.497425
1 476 1 0.50575
1 477 1 0.50565
1 478 1 0.496775
1 479 1 0.496225
1 480 1 0.5027
1 481 1 0.498775
1 482 1 0.500175
1 483 1 0.49535
1 484 1 0.49985
1 485 1 0.504
1 486 1 0.496725
1 487 1 0.506225
1 488 1 0.498
1 489 1 0.4996
1 490 1 0.499825
1 491 1 0.49745
1 492 1 0.501675
1 493 1 0.499675
1 494 1 0.504075
1 495 1 0.50065
1 496 1 0.499075
1 497 1 0.502325
1 498 1 0.499
1 499 1 0.501125
1 500 1 0.500675
1 501 1 0.494325
1 502 1 0.5007
1 503 1 0.505625
1 504 1 0.499225
1 505 1 0.5012
1 506 1 0.49765
1 507 1 0.501
1 508 1 0.501425
1 509 1 0.497275
1 510 1 0.4984
1 511 1 0.50215
1 512 1 0.49775
1 513 1 0.501025
1 514 1 0.50055
1 515 1 0.49835
1 516 1 0.497675
1 517 1 0.505625
1 518 1 0.50025
1 519 1 0.50395
1 520 1 0.502525
1 521 1 0.49985
1 522 1 0.499825
1 523 1 0.504575
1 524 1 0.50605
1 525 1 0.499925
1 526 1 0.50265
1 527 1 0.502625
1 528 1 0.501125
1 529 1 0.50135
1 530 1 0.49945
1 531 1 0.498675
1 532 1 0.504275
1 533 1 0.503225
1 534 1 0.502375
1 535 1 0.502425
1 536 1 0.50205
1 537 1 0.497225
1 538 1 0.503725
1 539 1 0.50185
1 540 1 0.498625
1 541 1 0.50015
1 542 1 0.5058
1 543 1 0.501325
1 544 1 0.496525
1 545 1 0.499325
1 546 1 0.5028
1 547 1 0.5025
1 548 1 0.498175
1 549 1 0.502175
1 550 1 0.508675
1 551 1 0.5012
1 552 1 0.50095
1 553 1 0.5025
1 554 1 0.49935
1 555 1 0.4925
1 556 1 0.49945
1 557 1 0.5006
1 558 1 0.498125
1 559 1 0.50425
1 560 1 0.502775
1 561 1 0.5013
1 562 1 0.50585
1 563 1 0.50305
1 564 1 0.500525
1 565 1 0.502625
1 566 1 0.501325
1 567 1 0.49735
1 568 1 0.49935
1 569 1 0.502675
1 570 1 0.49905
1 571 1 0.508875
1 572 1 0.50215
1 573 1 0.499025
1 574 1 0.503525
1 575 1 0.500175
1 576 1 0.50375
1 577 1 0.50345
1 578 1 0.5038
1 579 1 0.50145
1 580 1 0.501325
1 581 1 0.5005
1 582 1 0.50655
1 583 1 0.5018
1 584 1 0.497675
1 585 1 0.4992
1 586 1 0.5053
1 587 1 0.5039
1 588 1 0.498675
1 589 1 0.503175
1 590 1 0.504225
1 591 1 0.50505
1 592 1 0.503075
1 593 1 0.5008
1 594 1 0.500275
1 595 1 0.506675
1 596 1 0.494825
1 597 1 0.502225
1 598 1 0.5011
1 599 1 0.506475
1 600 1 0.49765
1 601 1 0.4989
1 602 1 0.494975
1 603 1 0.503475
1 604 1 0.501875
1 605 1 0.505725
1 606 1 0.50005
1 607 1 0.501175
1 608 1 0.5011
1 609 1 0.502925
1 610 1 0.506325
1 611 1 0.500625
1 612 1 0.501825
1 613 1 0.49865
1 614 1 0.50055
1 615 1 0.5017
1 616 1 0.502575
1 617 1 0.4952
1 618 1 0.502575
1 619 1 0.49965
1 620 1 0.502225
1 621 1 0.5042
1 622 1 0.5035
1 623 1 0.50035
1 624 1 0.50185
1 625 1 0.5065
1 626 1 0.50045
1 627 1 0.498725
1 628 1 0.503275
1 629 1 0.50045
1 630 1 0.505225
1 631 1 0.503075
1 632 1 0.501725
1 633 1 0.498925
1 634 1 0.50435
1 635 1 0.5003
1 636 1 0.505925
1 637 1 0.4998
1 638 1 0.5046
1 639 1 0.500425
1 640 1 0.5014
1 641 1 0.505475
1 642 1 0.49985
1 643 1 0.49615
1 644 1 0.499825
1 645 1 0.503475
1 646 1 0.501075
1 647 1 0.50015
1 648 1 0.500875
1 649 1 0.50335
1 650 1 0.499425
1 651 1 0.495725
1 652 1 0.500425
1 653 1 0.5033
1 654 1 0.5013
1 655 1 0.50225
1 656 1 0.503125
1 657 1 0.5012
1 658 1 0.50465
1 659 1 0.50125
1 660 1 0.500325
1 661 1 0.50425
1 662 1 0.5027
1 663 1 0.50205
1 664 1 0.49965
1 665 1 0.5002
1 666 1 0.50285
1 667 1 0.497
1 668 1 0.5015
1 669 1 0.499775
1 670 1 0.502225
1 671 1 0.5029
1 672 1 0.5018
1 673 1 0.50305
1 674 1 0.497175
1 675 1 0.504075
1 676 1 0.50085
1 677 1 0.500625
1 678 1 0.49755
1 679 1 0.5009
1 680 1 0.5004
1 681 1 0.4982
1 682 1 0.49755
1 683 1 0.500675
1 684 1 0.500975
1 685 1 0.500875
1 686 1 0.499775
1 687 1 0.5023
1 688 1 0.500725
1 689 1 0.50375
1 690 1 0.5027
1 691 1 0.499125
1 692 1 0.50705
1 693 1 0.50315
1 694 1 0.503775
1 695 1 0.500625
1 696 1 0.5005
1 697 1 0.503425
1 698 1 0.497575
1 699 1 0.50085
1 700 1 0.498225
1 701 1 0.4955
1 702 1 0.499675
1 703 1 0.499
1 704 1 0.5005
1 705 1 0.503475
1 706 1 0.505425
1 707 1 0.50065
1 708 1 0.50095
1 709 1 0.502
1 710 1 0.502175
1 711 1 0.50285
1 712 1 0.503725
1 713 1 0.50455
1 714 1 0.50025
1 715 1 0.501675
1 716 1 0.50045
1 717 1 0.500625
1 718 1 0.503525
1 719 1 0.4987
1 720 1 0.498075
1 721 1 0.497175
1 722 1 0.4983
1 723 1 0.5046
1 724 1 0.49865
1 725 1 0.501225
1 726 1 0.50275
1 727 1 0.502625
1 728 1 0.502725
1 729 1 0.50265
1 730 1 0.5041
1 731 1 0.504625
1 732 1 0.499025
1 733 1 0.50255
1 734 1 0.499675
1 735 1 0.500525
1 736 1 0.503525
1 737 1 0.501475
1 738 1 0.504
1 739 1 0.5029
1 740 1 0.503175
1 741 1 0.49995
1 742 1 0.49815
1 743 1 0.50285
1 744 1 0.50275
1 745 1 0.49635
1 746 1 0.504375
1 747 1 0.49835
1 748 1 0.4992
1 749 1 0.5004
1 750 1 0.500425
1 751 1 0.499325
1 752 1 0.501875
1 753 1 0.5061
1 754 1 0.503175
1 755 1 0.5043
1 756 1 0.498425
1 757 1 0.505475
1 758 1 0.503775
1 759 1 0.50485
1 760 1 0.497975
1 761 1 0.502725
1 762 1 0.501525
1 763 1 0.50275
1 764 1 0.5006
1 765 1 0.4989
1 766 1 0.49825
1 767 1 0.5006
1 768 1 0.502175
1 769 1 0.5033
1 770 1 0.4937
1 771 1 0.500025
1 772 1 0.503175
1 773 1 0.50245
1 774 1 0.4992
1 775 1 0.499875
1 776 1 0.49775
1 777 1 0.502225
1 778 1 0.50245
1 779 1 0.498075
1 780 1 0.501825
1 781 1 0.499625
1 782 1 0.500225
1 783 1 0.503625
1 784 1 0.5051
1 785 1 0.50135
1 786 1 0.499125
1 787 1 0.500625
1 788 1 0.502575
1 789 1 0.500775
1 790 1 0.4977
1 791 1 0.498775
1 792 1 0.500675
1 793 1 0.503725
1 794 1 0.506025
1 795 1 0.5034
1 796 1 0.498525
1 797 1 0.4989
1 798 1 0.49985
1 799 1 0.5045
1 800 1 0.49905
1 801 1 0.503025
1 802 1 0.5008
1 803 1 0.498675
1 804 1 0.502225
1 805 1 0.49975
1 806 1 0.499025
1 807 1 0.500675
1 808 1 0.503125
1 809 1 0.5029
1 810 1 0.50115
1 811 1 0.504525
1 812 1 0.50215
1 813 1 0.503275
1 814 1 0.5017
1 815 1 0.500125
1 816 1 0.49735
1 817 1 0.4984
1 818 1 0.5037
1 819 1 0.50165
1 820 1 0.500625
1 821 1 0.50635
1 822 1 0.49985
1 823 1 0.503325
1 824 1 0.502525
1 825 1 0.498025
1 826 1 0.5015
1 827 1 0.5028
1 828 1 0.50235
1 829 1 0.5025
1 830 1 0.500225
1 831 1 0.497575
1 832 1 0.5
1 833 1 0.501725
1 834 1 0.504125
1 835 1 0.50105
1 836 1 0.50425
1 837 1 0.497725
1 838 1 0.502225
1 839 1 0.50245
1 840 1 0.499425
1 841 1 0.50195
1 842 1 0.49805
1 843 1 0.498525
1 844 1 0.504925
1 845 1 0.501825
1 846 1 0.498025
1 847 1 0.5032
1 848 1 0.4997
1 849 1 0.5008
1 850 1 0.498825
1 851 1 0.5025
1 852 1 0.502675
1 853 1 0.5028
1 854 1 0.5008
1 855 1 0.50035
1 856 1 0.4993
1 857 1 0.5017
1 858 1 0.499425
1 859 1 0.505825
1 860 1 0.504
1 861 1 0.50435
1 862 1 0.4956
1 863 1 0.500925
1 864 1 0.50075
1 865 1 0.502025
1 866 1 0.499425
1 867 1 0.501975
1 868 1 0.502275
1 869 1 0.50225
1 870 1 0.50365
1 871 1 0.503975
1 872 1 0.500175
1 873 1 0.5026
1 874 1 0.500725
1 875 1 0.5013
1 876 1 0.5033
1 877 1 0.49905
1 878 1 0.501675
1 879 1 0.499825
1 880 1 0.5021
1 881 1 0.50555
1 882 1 0.502625
1 883 1 0.49705
1 884 1 0.505675
1 885 1 0.50175
1 886 1 0.503725
1 887 1 0.50275
1 888 1 0.500475
1 889 1 0.501625
1 890 1 0.5042
1 891 1 0.5056
1 892 1 0.498325
1 893 1 0.5036
1 894 1 0.50215
1 895 1 0.5027
1 896 1 0.50045
1 897 1 0.5039
1 898 1 0.504225
1 899 1 0.496675
1 900 1 0.5025
1 901 1 0.500825
1 902 1 0.501725
1 903 1 0.50165
1 904 1 0.498575
1 905 1 0.499675
1 906 1 0.5051
1 907 1 0.4998
1 908 1 0.503875
1 909 1 0.50625
1 910 1 0.50065
1 911 1 0.498575
1 912 1 0.50355
1 913 1 0.49905
1 914 1 0.505925
1 915 1 0.497075
1 916 1 0.4983
1 917 1 0.50395
1 918 1 0.50205
1 919 1 0.4993
1 920 1 0.502
1 921 1 0.50205
1 922 1 0.505325
1 923 1 0.49855
1 924 1 0.4983
1 925 1 0.501325
1 926 1 0.4993
1 927 1 0.5027
1 928 1 0.504775
1 929 1 0.497625
1 930 1 0.5
1 931 1 0.503425
1 932 1 0.5004
1 933 1 0.498025
1 934 1 0.502425
1 935 1 0.50255
1 936 1 0.500275
1 937 1 0.50075
1 938 1 0.499975
1 939 1 0.496525
1 940 1 0.50315
1 941 1 0.49915
1 942 1 0.501525
1 943 1 0.502575
1 944 1 0.504525
1 945 1 0.50265
1 946 1 0.506275
1 947 1 0.4985
1 948 1 0.5072
1 949 1 0.500225
1 950 1 0.5013
1 951 1 0.501
1 952 1 0.501525
1 953 1 0.499275
1 954 1 0.5029
1 955 1 0.50325
1 956 1 0.5034
1 957 1 0.502575
1 958 1 0.50415
1 959 1 0.500525
1 960 1 0.50135
1 961 1 0.497975
1 962 1 0.49815
1 963 1 0.50305
1 964 1 0.49895
1 965 1 0.502425
1 966 1 0.50275
1 967 1 0.5001
1 968 1 0.49915
1 969 1 0.49885
1 970 1 0.507375
1 971 1 0.499325
1 972 1 0.5032
1 973 1 0.501475
1 974 1 0.5012
1 975 1 0.4998
1 976 1 0.501825
1 977 1 0.502175
1 978 1 0.499875
1 979 1 0.498025
1 980 1 0.503725
1 981 1 0.50015
1 982 1 0.499375
1 983 1 0.502075
1 984 1 0.500575
1 985 1 0.49915
1 986 1 0.498525
1 987 1 0.500375
1 988 1 0.508325
1 989 1 0.50325
1 990 1 0.50125
1 991 1 0.5023
1 992 1 0.501125
1 993 1 0.499325
1 994 1 0.5004
1 995 1 0.499225
1 996 1 0.5036
1 997 1 0.49825
1 998 1 0.501225
1 999 1 0.502
1 1000 1 0.5018
2 1 1 0.50675
2 2 1 0.495525
2 3 1 0.505025
2 4 1 0.5221
2 5 1 0.491125
2 6 1 0.496325
2 7 1 0.4969
2 8 1 0.501925
2 9 1 0.4981
2 10 1 0.50755
2 11 1 0.4983
2 12 1 0.50005
2 13 1 0.49365
2 14 1 0.497425
2 15 1 0.5151
2 16 1 0.49285
2 17 1 0.4974
2 18 1 0.49495
2 19 1 0.501075
2 20 1 0.50075
2 21 1 0.5026
2 22 1 0.49955
2 23 1 0.498125
2 24 1 0.495925
2 25 1 0.500275
2 26 1 0.50585
2 27 1 0.49865
2 28 1 0.4954
2 29 1 0.50015
2 30 1 0.50225
2 31 1 0.50195
2 32 1 0.498825
2 33 1 0.50375
2 34 1 0.503025
2 35 1 0.495
2 36 1 0.496775
2 37 1 0.4988
2 38 1 0.5008
2 39 1 0.501525
2 40 1 0.494175
2 41 1 0.499375
2 42 1 0.4956
2 43 1 0.49675
2 44 1 0.50055
2 45 1 0.504975
2 46 1 0.502125
2 47 1 0.49775
2 48 1 0.497
2 49 1 0.500375
2 50 1 0.504075
2 51 1 0.50095
2 52 1 0.500425
2 53 1 0.50035
2 54 1 0.5
2 55 1 0.504475
2 56 1 0.5058
2 57 1 0.50105
2 58 1 0.504025
2 59 1 0.502275
2 60 1 0.504325
2 61 1 0.5006
2 62 1 0.496575
2 63 1 0.50155
2 64 1 0.49825
2 65 1 0.50195
2 66 1 0.501925
2 67 1 0.5037
2 68 1 0.5006
2 69 1 0.503525
2 70 1 0.49745
2 71 1 0.5013
2 72 1 0.499625
2 73 1 0.500275
2 74 1 0.49425
2 75 1 0.499175
2 76 1 0.498475
2 77 1 0.497075
2 78 1 0.5016
2 79 1 0.5057
2 80 1 0.50025
2 81 1 0.502925
2 82 1 0.5033
2 83 1 0.504225
2 84 1 0.503475
2 85 1 0.49935
2 86 1 0.497675
2 87 1 0.4947
2 88 1 0.4991
2 89 1 0.501025
2 90 1 0.4984
2 91 1 0.50085
2 92 1 0.50125
2 93 1 0.500875
2 94 1 0.49675
2 95 1 0.503225
2 96 1 0.502275
2 97 1 0.5005
2 98 1 0.5015
2 99 1 0.5035
2 100 1 0.506225
2 101 1 0.4988
2 102 1 0.50435
2 103 1 0.498925
2 104 1 0.49805
2 105 1 0.4987
2 106 1 0.505625
2 107 1 0.497475
2 108 1 0.50135
2 109 1 0.496125
2 110 1 0.49795
2 111 1 0.50645
2 112 1 0.500625
2 113 1 0.5023
2 114 1 0.494625
2 115 1 0.49855
2 116 1 0.498725
2 117 1 0.50455
2 118 1 0.5006
2 119 1 0.503275
2 120 1 0.502625
2 121 1 0.5047
2 122 1 0.49885
2 123 1 0.504
2 124 1 0.502625
2 125 1 0.4979
2 126 1 0.4992
2 127 1 0.501025
2 128 1 0.498925
2 129 1 0.493625
2 130 1 0.505775
2 131 1 0.50195
2 132 1 0.50035
2 133 1 0.49635
2 134 1 0.500425
2 135 1 0.5
2 136 1 0.498775
2 137 1 0.500275
2 138 1 0.49825
2 139 1 0.502625
2 140 1 0.5012
2 141 1 0.498175
2 142 1 0.501275
2 143 1 0.49795
2 144 1 0.505175
2 145 1 0.498
2 146 1 0.4985
2 147 1 0.500925
2 148 1 0.501175
2 149 1 0.49935
2 150 1 0.50255
2 151 1 0.5012
2 152 1 0.496775
2 153 1 0.501425
2 154 1 0.5002
2 155 1 0.4933
2 156 1 0.4965
2 157 1 0.4928
2 158 1 0.500225
2 159 1 0.501525
2 160 1 0.498975
2 161 1 0.50205
2 162 1 0.499075
2 163 1 0.5024
2 164 1 0.5006
2 165 1 0.5027
2 166 1 0.49895
2 167 1 0.499675
2 168 1 0.501125
2 169 1 0.499625
2 170 1 0.498025
2 171 1 0.50265
2 172 1 0.4961
2 173 1 0.502975
2 174 1 0.501275
2 175 1 0.496975
2 176 1 0.501325
2 177 1 0.503075
2 178 1 0.500025
2 179 1 0.49815
2 180 1 0.501175
2 181 1 0.504075
2 182 1 0.50275
2 183 1 0.50605
2 184 1 0.4987
2 185 1 0.500125
2 186 1 0.5054
2 187 1 0.4975
2 188 1 0.505275
2 189 1 0.500475
2 190 1 0.502
2 191 1 0.502525
2 192 1 0.50265
2 193 1 0.5009
2 194 1 0.499225
2 195 1 0.497825
2 196 1 0.49975
2 197 1 0.500125
2 198 1 0.4989
2 199 1 0.498425
2 200 1 0.501525
2 201 1 0.504525
2 202 1 0.4981
2 203 1 0.501175
2 204 1 0.50065
2 205 1 0.5016
2 206 1 0.500125
2 207 1 0.501725
2 208 1 0.497275
2 209 1 0.50375
2 210 1 0.4993
2 211 1 0.499275
2 212 1 0.49745
2 213 1 0.5004
2 214 1 0.49885
2 215 1 0.50035
2 216 1 0.498725
2 217 1 0.4985
2 218 1 0.5061
2 219 1 0.50185
2 220 1 0.4973
2 221 1 0.501875
2 222 1 0.496775
2 223 1 0.500375
2 224 1 0.50285
2 225 1 0.50345
2 226 1 0.497925
2 227 1 0.50055
2 228 1 0.49815
2 229 1 0.503575
2 230 1 0.500375
2 231 1 0.498575
2 232 1 0.503525
2 233 1 0.499025
2 234 1 0.49915
2 235 1 0.50025
2 236 1 0.50265
2 237 1 0.49905
2 238 1 0.500475
2 239 1 0.502975
2 240 1 0.498625
2 241 1 0.4994
2 242 1 0.502975
2 243 1 0.5001
2 244 1 0.504925
2 245 1 0.499375
2 246 1 0.495825
2 247 1 0.50035
2 248 1 0.5027
2 249 1 0.49745
2 250 1 0.505325
2 251 1 0.50285
2 252 1 0.4998
2 253 1 0.49505
2 254 1 0.501675
2 255 1 0.501875
2 256 1 0.498725
2 257 1 0.5035
2 258 1 0.5041
2 259 1 0.5012
2 260 1 0.502175
2 261 1 0.50055
2 262 1 0.502275
2 263 1 0.49985
2 264 1 0.500625
2 265 1 0.50195
2 266 1 0.5035
2 267 1 0.50315
2 268 1 0.501375
2 269 1 0.49595
2 270 1 0.500725
2 271 1 0.50225
2 272 1 0.500025
2 273 1 0.498575
2 274 1 0.5023
2 275 1 0.502475
2 276 1 0.495775
2 277 1 0.5035
2 278 1 0.498725
2 279 1 0.499975
2 280 1 0.49945
2 281 1 0.496
2 282 1 0.4969
2 283 1 0.49885
2 284 1 0.5094
2 285 1 0.501325
2 286 1 0.499
2 287 1 0.496725
2 288 1 0.50215
2 289 1 0.506475
2 290 1 0.499
2 291 1 0.5059
2 292 1 0.494825
2 293 1 0.501
2 294 1 0.4972
2 295 1 0.503
2 296 1 0.49995
2 297 1 0.501475
2 298 1 0.500925
2 299 1 0.50045
2 300 1 0.5036
2 301 1 0.4993
2 302 1 0.50635
2 303 1 0.495375
2 304 1 0.498525
2 305 1 0.50255
2 306 1 0.50185
2 307 1 0.503525
2 308 1 0.50355
2 309 1 0.4985
2 310 1 0.500375
2 311 1 0.49975
2 312 1 0.4972
2 313 1 0.49795
2 314 1 0.505375
2 315 1 0.502525
2 316 1 0.496975
2 317 1 0.50465
2 318 1 0.50005
2 319 1 0.501975
2 320 1 0.50185
2 321 1 0.50325
2 322 1 0.496925
2 323 1 0.498875
2 324 1 0.504975
2 325 1 0.4982
2 326 1 0.50455
2 327 1 0.502025
2 328 1 0.5064
2 329 1 0.502875
2 330 1 0.5041
2 331 1 0.499175
2 332 1 0.500525
2 333 1 0.503675
2 334 1 0.496625
2 335 1 0.4958
2 336 1 0.502775
2 337 1 0.498875
2 338 1 0.498
2 339 1 0.499925
2 340 1 0.508025
2 341 1 0.501125
2 342 1 0.4977
2 343 1 0.50465
2 344 1 0.500325
2 345 1 0.503
2 346 1 0.50065
2 347 1 0.49595
2 348 1 0.498175
2 349 1 0.50665
2 350 1 0.497525
2 351 1 0.503025
2 352 1 0.501975
2 353 1 0.50075
2 354 1 0.5002
2 355 1 0.501175
2 356 1 0.503625
2 357 1 0.490875
2 358 1 0.498025
2 359 1 0.503225
2 360 1 0.501375
2 361 1 0.499075
2 362 1 0.5044
2 363 1 0.50485
2 364 1 0.500425
2 365 1 0.4999
2 366 1 0.50235
2 367 1 0.49765
2 368 1 0.502775
2 369 1 0.502025
2 370 1 0.50105
2 371 1 0.499475
2 372 1 0.50075
2 373 1 0.4956
2 374 1 0.502
2 375 1 0.496175
2 376 1 0.5005
2 377 1 0.50215
2 378 1 0.49805
2 379 1 0.498725
2 380 1 0.504225
2 381 1 0.500575
2 382 1 0.5001
2 383 1 0.503125
2 384 1 0.496025
2 385 1 0.49825
2 386 1 0.50215
2 387 1 0.500125
2 388 1 0.50275
2 389 1 0.5045
2 390 1 0.498225
2 391 1 0.4998
2 392 1 0.498175
2 393 1 0.503775
2 394 1 0.502325
2 395 1 0.498275
2 396 1 0.50075
2 397 1 0.504275
2 398 1 0.50375
2 399 1 0.4975
2 400 1 0.501525
2 401 1 0.50225
2 402 1 0.5042
2 403 1 0.49885
2 404 1 0.498125
2 405 1 0.497675
2 406 1 0.499825
2 407 1 0.4968
2 408 1 0.499475
2 409 1 0.500475
2 410 1 0.504025
2 411 1 0.50045
2 412 1 0.5026
2 413 1 0.50185
2 414 1 0.5047
2 415 1 0.49865
2 416 1 0.5011
2 417 1 0.5025
2 418 1 0.501225
2 419 1 0.50105
2 420 1 0.500075
2 421 1 0.5022
2 422 1 0.5033
2 423 1 0.502975
2 424 1 0.501525
2 425 1 0.503025
2 426 1 0.505475
2 427 1 0.50115
2 428 1 0.502075
2 429 1 0.499675
2 430 1 0.50155
2 431 1 0.497875
2 432 1 0.501
2 433 1 0.50075
2 434 1 0.504475
2 435 1 0.499775
2 436 1 0.502425
2 437 1 0.50035
2 438 1 0.4959
2 439 1 0.503725
2 440 1 0.50195
2 441 1 0.50335
2 442 1 0.50485
2 443 1 0.5004
2 444 1 0.4994
2 445 1 0.498825
2 446 1 0.50135
2 447 1 0.505325
2 448 1 0.504175
2 449 1 0.5034
2 450 1 0.498975
2 451 1 0.501725
2 452 1 0.4946
2 453 1 0.5012
2 454 1 0.50325
2 455 1 0.499225
2 456 1 0.500325
2 457 1 0.50205
2 458 1 0.5025
2 459 1 0.4986
2 460 1 0.50385
2 461 1 0.502025
2 462 1 0.502
2 463 1 0.50155
2 464 1 0.501825
2 465 1 0.50105
2 466 1 0.5026
2 467 1 0.501325
2 468 1 0.500825
2 469 1 0.5014
2 470 1 0.4997
2 471 1 0.498825
2 472 1 0.5025
2 473 1 0.501325
2 474 1 0.504225
2 475 1 0.500775
2 476 1 0.499025
2 477 1 0.497375
2 478 1 0.500325
2 479 1 0.503925
2 480 1 0.49805
2 481 1 0.5038
2 482 1 0.498675
2 483 1 0.49865
2 484 1 0.4999
2 485 1 0.502825
2 486 1 0.502025
2 487 1 0.50295
2 488 1 0.499175
2 489 1 0.499325
2 490 1 0.502
2 491 1 0.495125
2 492 1 0.496075
2 493 1 0.499
2 494 1 0.5014
2 495 1 0.50445
2 496 1 0.50195
2 497 1 0.50135
2 498 1 0.502875
2 499 1 0.4977
2 500 1 0.501075
2 501 1 0.506275
2 502 1 0.500625
2 503 1 0.49935
2 504 1 0.499775
2 505 1 0.49705
2 506 1 0.5001
2 507 1 0.50295
2 508 1 0.4986
2 509 1 0.501725
2 510 1 0.50225
2 511 1 0.5037
2 512 1 0.502075
2 513 1 0.500225
2 514 1 0.50055
2 515 1 0.5027
2 516 1 0.50235
2 517 1 0.498375
2 518 1 0.50115
2 519 1 0.504325
2 520 1 0.5015
2 521 1 0.50175
2 522 1 0.5013
2 523 1 0.501175
2 524 1 0.4983
2 525 1 0.501
2 526 1 0.5038
2 527 1 0.500775
2 528 1 0.50205
2 529 1 0.5072
2 530 1 0.49875
2 531 1 0.503275
2 532 1 0.501075
2 533 1 0.50265
2 534 1 0.504425
2 535 1 0.497625
2 536 1 0.49395
2 537 1 0.50045
2 538 1 0.498675
2 539 1 0.502075
2 540 1 0.4997
2 541 1 0.50035
2 542 1 0.502325
2 543 1 0.503525
2 544 1 0.50275
2 545 1 0.502875
2 546 1 0.502375
2 547 1 0.496725
2 548 1 0.4999
2 549 1 0.50135
2 550 1 0.50265
2 551 1 0.506025
2 552 1 0.5013
2 553 1 0.49715
2 554 1 0.504025
2 555 1 0.49945
2 556 1 0.501175
2 557 1 0.497725
2 558 1 0.502025
2 559 1 0.50195
2 560 1 0.498125
2 561 1 0.507
2 562 1 0.50265
2 563 1 0.499425
2 564 1 0.50425
2 565 1 0.499125
2 566 1 0.5001
2 567 1 0.500425
2 568 1 0.50035
2 569 1 0.500675
2 570 1 0.50075
2 571 1 0.500725
2 572 1 0.500925
2 573 1 0.501775
2 574 1 0.502475
2 575 1 0.5017
2 576 1 0.50035
2 577 1 0.503225
2 578 1 0.499825
2 579 1 0.5
2 580 1 0.502075
2 581 1 0.50375
2 582 1 0.50035
2 583 1 0.49805
2 584 1 0.50365
2 585 1 0.50415
2 586 1 0.504525
2 587 1 0.503975
2 588 1 0.5023
2 589 1 0.5072
2 590 1 0.5007
2 591 1 0.498925
2 592 1 0.501225
2 593 1 0.50385
2 594 1 0.50015
2 595 1 0.50075
2 596 1 0.501675
2 597 1 0.50205
2 598 1 0.50305
2 599 1 0.50035
2 600 1 0.501175
2 601 1 0.5051
2 602 1 0.50435
2 603 1 0.5
2 604 1 0.501175
2 605 1 0.50415
2 606 1 0.501325
2 607 1 0.499975
2 608 1 0.497975
2 609 1 0.5008
2 610 1 0.5019
2 611 1 0.500825
2 612 1 0.5008
2 613 1 0.498075
2 614 1 0.50575
2 615 1 0.500975
2 616 1 0.49985
2 617 1 0.500325
2 618 1 0.500425
2 619 1 0.496275
2 620 1 0.500325
2 621 1 0.502525
2 622 1 0.496125
2 623 1 0.5027
2 624 1 0.501
2 625 1 0.499575
2 626 1 0.504525
2 627 1 0.5014
2 628 1 0.5027
2 629 1 0.505725
2 630 1 0.500175
2 631 1 0.500875
2 632 1 0.500075
2 633 1 0.5014
2 634 1 0.503675
2 635 1 0.502275
2 636 1 0.49955
2 637 1 0.50405
2 638 1 0.50385
2 639 1 0.503475
2 640 1 0.5016
2 641 1 0.499325
2 642 1 0.500975
2 643 1 0.504175
2 644 1 0.505225
2 645 1 0.498325
2 646 1 0.5016
2 647 1 0.50235
2 648 1 0.5028
2 649 1 0.5004
2 650 1 0.504175
2 651 1 0.499275
2 652 1 0.499275
2 653 1 0.50345
2 654 1 0.50395
2 655 1 0.50295
2 656 1 0.502425
2 657 1 0.498875
2 658 1 0.5032
2 659 1 0.504725
2 660 1 0.5014
2 661 1 0.499975
2 662 1 0.497725
2 663 1 0.507925
2 664 1 0.4985
2 665 1 0.49925
2 666 1 0.4986
2 667 1 0.50485
2 668 1 0.500025
2 669 1 0.498075
2 670 1 0.5
2 671 1 0.505325
2 672 1 0.50725
2 673 1 0.498675
2 674 1 0.502775
2 675 1 0.50165
2 676 1 0.505675
2 677 1 0.497225
2 678 1 0.5081
2 679 1 0.501775
2 680 1 0.49745
2 681 1 0.50225
2 682 1 0.500325
2 683 1 0.5048
2 684 1 0.505875
2 685 1 0.50605
2 686 1 0.506025
2 687 1 0.5006
2 688 1 0.50235
2 689 1 0.5013
2 690 1 0.503175
2 691 1 0.499875
2 692 1 0.496725
2 693 1 0.49765
2 694 1 0.50465
2 695 1 0.5054
2 696 1 0.49595
2 697 1 0.50025
2 698 1 0.497475
2 699 1 0.49825
2 700 1 0.499475
2 701 1 0.4997
2 702 1 0.50065
2 703 1 0.50055
2 704 1 0.50185
2 705 1 0.502
2 706 1 0.504025
2 707 1 0.50765
2 708 1 0.5047
2 709 1 0.503225
2 710 1 0.501175
2 711 1 0.5009
2 712 1 0.49985
2 713 1 0.504075
2 714 1 0.50005
2 715 1 0.50065
2 716 1 0.498675
2 717 1 0.5017
2 718 1 0.500075
2 719 1 0.4987
2 720 1 0.49705
2 721 1 0.499025
2 722 1 0.499575
2 723 1 0.502675
2 724 1 0.502825
2 725 1 0.502425
2 726 1 0.50155
2 727 1 0.49615
2 728 1 0.5001
2 729 1 0.50265
2 730 1 0.49775
2 731 1 0.498225
2 732 1 0.5033
2 733 1 0.501725
2 734 1 0.50035
2 735 1 0.500825
2 736 1 0.49945
2 737 1 0.49865
2 738 1 0.503825
2 739 1 0.5039
2 740 1 0.505875
2 741 1 0.5011
2 742 1 0.506025
2 743 1 0.49955
2 744 1 0.499225
2 745 1 0.504875
2 746 1 0.49695
2 747 1 0.4988
2 748 1 0.5026
2 749 1 0.499125
2 750 1 0.5018
2 751 1 0.5023
2 752 1 0.501125
2 753 1 0.5034
2 754 1 0.50345
2 755 1 0.4993
2 756 1 0.49895
2 757 1 0.503525
2 758 1 0.498425
2 759 1 0.5028
2 760 1 0.50095
2 761 1 0.503725
2 762 1 0.4973
2 763 1 0.49635
2 764 1 0.503525
2 765 1 0.4989
2 766 1 0.498525
2 767 1 0.499775
2 768 1 0.498025
2 769 1 0.500125
2 770 1 0.5025
2 771 1 0.500525
2 772 1 0.492475
2 773 1 0.5016
2 774 1 0.50185
2 775 1 0.502425
2 776 1 0.50165
2 777 1 0.50505
2 778 1 0.4987
2 779 1 0.5041
2 780 1 0.500175
2 781 1 0.5042
2 782 1 0.504925
2 783 1 0.5026
2 784 1 0.5052
2 785 1 0.4977
2 786 1 0.503275
2 787 1 0.5047
2 788 1 0.50445
2 789 1 0.503775
2 790 1 0.498575
2 791 1 0.50455
2 792 1 0.50105
2 793 1 0.501225
2 794 1 0.498375
2 795 1 0.50465
2 796 1 0.5001
2 797 1 0.50305
2 798 1 0.505175
2 799 1 0.5004
2 800 1 0.502625
2 801 1 0.5063
2 802 1 0.501725
2 803 1 0.50575
2 804 1 0.4993
2 805 1 0.4979
2 806 1 0.502125
2 807 1 0.50215
2 808 1 0.505025
2 809 1 0.4983
2 810 1 0.498225
2 811 1 0.497525
2 812 1 0.503925
2 813 1 0.501425
2 814 1 0.497525
2 815 1 0.497125
2 816 1 0.49835
2 817 1 0.500125
2 818 1 0.503425
2 819 1 0.500925
2 820 1 0.503325
2 821 1 0.503475
2 822 1 0.49835
2 823 1 0.4984
2 824 1 0.4992
2 825 1 0.501875
2 826 1 0.499075
2 827 1 0.504175
2 828 1 0.49855
2 829 1 0.4984
2 830 1 0.50215
2 831 1 0.497475
2 832 1 0.499875
2 833 1 0.499125
2 834 1 0.49955
2 835 1 0.4972
2 836 1 0.503
2 837 1 0.502475
2 838 1 0.501275
2 839 1 0.5046
2 840 1 0.49895
2 841 1 0.5016
2 842 1 0.504
2 843 1 0.50345
2 844 1 0.501675
2 845 1 0.507525
2 846 1 0.507025
2 847 1 0.49625
2 848 1 0.506025
2 849 1 0.5017
2 850 1 0.495975
2 851 1 0.5011
2 852 1 0.500725
2 853 1 0.501225
2 854 1 0.49945
2 855 1 0.500175
2 856 1 0.501925
2 857 1 0.50295
2 858 1 0.50025
2 859 1 0.50325
2 860 1 0.500275
2 861 1 0.50135
2 862 1 0.4973
2 863 1 0.501025
2 864 1 0.506275
2 865 1 0.5028
2 866 1 0.507
2 867 1 0.500125
2 868 1 0.5025
2 869 1 0.4961
2 870 1 0.5022
2 871 1 0.497625
2 872 1 0.497825
2 873 1 0.498175
2 874 1 0.49715
2 875 1 0.502975
2 876 1 0.50325
2 877 1 0.5
2 878 1 0.50345
2 879 1 0.5009
2 880 1 0.4992
2 881 1 0.500475
2 882 1 0.505
2 883 1 0.505075
2 884 1 0.50355
2 885 1 0.506125
2 886 1 0.503475
2 887 1 0.505525
2 888 1 0.5014
2 889 1 0.503275
2 890 1 0.4952
2 891 1 0.5017
2 892 1 0.499875
2 893 1 0.50505
2 894 1 0.50245
2 895 1 0.494575
2 896 1 0.500925
2 897 1 0.501375
2 898 1 0.503875
2 899 1 0.496575
2 900 1 0.502925
2 901 1 0.497125
2 902 1 0.501275
2 903 1 0.50225
2 904 1 0.4987
2 905 1 0.49925
2 906 1 0.50295
2 907 1 0.503025
2 908 1 0.500925
2 909 1 0.500025
2 910 1 0.501575
2 911 1 0.502425
2 912 1 0.500675
2 913 1 0.502725
2 914 1 0.50045
2 915 1 0.501475
2 916 1 0.500675
2 917 1 0.497525
2 918 1 0.49875
2 919 1 0.49885
2 920 1 0.505925
2 921 1 0.501225
2 922 1 0.5001
2 923 1 0.4983
2 924 1 0.505275
2 925 1 0.500425
2 926 1 0.506275
2 927 1 0.50165
2 928 1 0.506075
2 929 1 0.49995
2 930 1 0.502225
2 931 1 0.498325
2 932 1 0.501875
2 933 1 0.50225
2 934 1 0.50405
2 935 1 0.50465
2 936 1 0.503775
2 937 1 0.50215
2 938 1 0.50165
2 939 1 0.505175
2 940 1 0.50315
2 941 1 0.492425
2 942 1 0.501175
2 943 1 0.4972
2 944 1 0.50065
2 945 1 0.499475
2 946 1 0.50325
2 947 1 0.5017
2 948 1 0.500775
2 949 1 0.501975
2 950 1 0.5009
2 951 1 0.4995
2 952 1 0.501775
2 953 1 0.504575
2 954 1 0.4999
2 955 1 0.501425
2 956 1 0.5028
2 957 1 0.50105
2 958 1 0.5044
2 959 1 0.502225
2 960 1 0.5038
2 961 1 0.49825
2 962 1 0.499875
2 963 1 0.498475
2 964 1 0.504675
2 965 1 0.494675
2 966 1 0.500975
2 967 1 0.496475
2 968 1 0.49595
2 969 1 0.50275
2 970 1 0.5043
2 971 1 0.502775
2 972 1 0.4983
2 973 1 0.50445
2 974 1 0.50075
2 975 1 0.5018
2 976 1 0.50295
2 977 1 0.50005
2 978 1 0.499225
2 979 1 0.5013
2 980 1 0.5058
2 981 1 0.50035
2 982 1 0.5026
2 983 1 0.5017
2 984 1 0.502925
2 985 1 0.499025
2 986 1 0.50345
2 987 1 0.501
2 988 1 0.5029
2 989 1 0.497475
2 990 1 0.507125
2 991 1 0.50315
2 992 1 0.502775
2 993 1 0.50305
2 994 1 0.50495
2 995 1 0.50425
2 996 1 0.497975
2 997 1 0.498275
2 998 1 0.5035
2 999 1 0.499025
2 1000 1 0.499625
