1 1 201 0.457231
1 2 201 0.457925
1 3 201 0.50275
1 4 201 0.547625
1 5 201 0.531625
1 6 201 0.550275
1 7 201 0.538375
1 8 201 0.525975
1 9 201 0.51155
1 10 201 0.519025
1 11 201 0.51905
1 12 201 0.508075
1 13 201 0.507725
1 14 201 0.500275
1 15 201 0.500975
1 16 201 0.50895
1 17 201 0.519175
1 18 201 0.52685
1 19 201 0.531725
1 20 201 0.53875
1 21 201 0.54015
1 22 201 0.543975
1 23 201 0.545525
1 24 201 0.553125
1 25 201 0.55495
1 26 201 0.559275
1 27 201 0.56085
1 28 201 0.55905
1 29 201 0.5552
1 30 201 0.55535
1 31 201 0.5564
1 32 201 0.546975
1 33 201 0.542875
1 34 201 0.54075
1 35 201 0.536925
1 36 201 0.53695
1 37 201 0.535925
1 38 201 0.5447
1 39 201 0.54445
1 40 201 0.5445
1 41 201 0.547375
1 42 201 0.5452
1 43 201 0.54915
1 44 201 0.5449
1 45 201 0.545925
1 46 201 0.5496
1 47 201 0.55285
1 48 201 0.554425
1 49 201 0.5558
1 50 201 0.561375
1 51 201 0.56605
1 52 201 0.56245
1 53 201 0.5634
1 54 201 0.567175
1 55 201 0.573875
1 56 201 0.570325
1 57 201 0.57265
1 58 201 0.5763
1 59 201 0.578375
1 60 201 0.5782
1 61 201 0.5792
1 62 201 0.578175
1 63 201 0.577275
1 64 201 0.581525
1 65 201 0.5789
1 66 201 0.578675
1 67 201 0.582775
1 68 201 0.580775
1 69 201 0.5806
1 70 201 0.581275
1 71 201 0.57735
1 72 201 0.5768
1 73 201 0.5737
1 74 201 0.57715
1 75 201 0.5754
1 76 201 0.574175
1 77 201 0.5739
1 78 201 0.571125
1 79 201 0.5767
1 80 201 0.57285
1 81 201 0.573725
1 82 201 0.57475
1 83 201 0.5734
1 84 201 0.5794
1 85 201 0.575575
1 86 201 0.58105
1 87 201 0.578075
1 88 201 0.58005
1 89 201 0.583425
1 90 201 0.58675
1 91 201 0.585975
1 92 201 0.587475
1 93 201 0.586025
1 94 201 0.591825
1 95 201 0.593125
1 96 201 0.595125
1 97 201 0.59325
1 98 201 0.594175
1 99 201 0.596175
1 100 201 0.5966
1 101 201 0.59915
1 102 201 0.597625
1 103 201 0.597575
1 104 201 0.6014
1 105 201 0.5987
1 106 201 0.601825
1 107 201 0.600025
1 108 201 0.602275
1 109 201 0.599125
1 110 201 0.603475
1 111 201 0.598
1 112 201 0.596275
1 113 201 0.595525
1 114 201 0.595825
1 115 201 0.594125
1 116 201 0.5947
1 117 201 0.596225
1 118 201 0.597575
1 119 201 0.592125
1 120 201 0.597725
1 121 201 0.59325
1 122 201 0.5983
1 123 201 0.5987
1 124 201 0.5939
1 125 201 0.59775
1 126 201 0.601025
1 127 201 0.59795
1 128 201 0.599375
1 129 201 0.599225
1 130 201 0.601475
1 131 201 0.6012
1 132 201 0.599825
1 133 201 0.60315
1 134 201 0.604325
1 135 201 0.603425
1 136 201 0.605725
1 137 201 0.607975
1 138 201 0.6082
1 139 201 0.607525
1 140 201 0.6072
1 141 201 0.6058
1 142 201 0.61075
1 143 201 0.610425
1 144 201 0.607925
1 145 201 0.60945
1 146 201 0.61225
1 147 201 0.610875
1 148 201 0.614875
1 149 201 0.612275
1 150 201 0.611475
1 151 201 0.609675
1 152 201 0.613775
1 153 201 0.61035
1 154 201 0.613925
1 155 201 0.6135
1 156 201 0.611325
1 157 201 0.6144
1 158 201 0.610675
1 159 201 0.6132
1 160 201 0.61475
1 161 201 0.6143
1 162 201 0.6136
1 163 201 0.612425
1 164 201 0.612025
1 165 201 0.6165
1 166 201 0.614025
1 167 201 0.613725
1 168 201 0.613475
1 169 201 0.6152
1 170 201 0.61635
1 171 201 0.618425
1 172 201 0.612875
1 173 201 0.615875
1 174 201 0.615525
1 175 201 0.6141
1 176 201 0.61485
1 177 201 0.61605
1 178 201 0.6163
1 179 201 0.616675
1 180 201 0.613325
1 181 201 0.616275
1 182 201 0.617175
1 183 201 0.618225
1 184 201 0.622825
1 185 201 0.620925
1 186 201 0.620175
1 187 201 0.617825
1 188 201 0.621775
1 189 201 0.6249
1 190 201 0.62395
1 191 201 0.620175
1 192 201 0.624575
1 193 201 0.622225
1 194 201 0.624225
1 195 201 0.627175
1 196 201 0.625775
1 197 201 0.627775
1 198 201 0.6268
1 199 201 0.6319
1 200 201 0.627675
1 201 201 0.6274
1 202 201 0.631325
1 203 201 0.628975
1 204 201 0.6294
1 205 201 0.627725
1 206 201 0.628675
1 207 201 0.6272
1 208 201 0.6277
1 209 201 0.6304
1 210 201 0.62855
1 211 201 0.630025
1 212 201 0.632775
1 213 201 0.628025
1 214 201 0.629675
1 215 201 0.637
1 216 201 0.6306
1 217 201 0.6287
1 218 201 0.632975
1 219 201 0.6291
1 220 201 0.629325
1 221 201 0.6308
1 222 201 0.6344
1 223 201 0.63135
1 224 201 0.630275
1 225 201 0.630375
1 226 201 0.63375
1 227 201 0.629525
1 228 201 0.632925
1 229 201 0.63045
1 230 201 0.63415
1 231 201 0.6314
1 232 201 0.6313
1 233 201 0.63285
1 234 201 0.631825
1 235 201 0.6377
1 236 201 0.63355
1 237 201 0.632075
1 238 201 0.63445
1 239 201 0.634375
1 240 201 0.633275
1 241 201 0.63315
1 242 201 0.63525
1 243 201 0.634075
1 244 201 0.636725
1 245 201 0.6392
1 246 201 0.635125
1 247 201 0.6365
1 248 201 0.6375
1 249 201 0.633825
1 250 201 0.634025
1 251 201 0.63065
1 252 201 0.63395
1 253 201 0.634275
1 254 201 0.63705
1 255 201 0.6345
1 256 201 0.632825
1 257 201 0.635075
1 258 201 0.63605
1 259 201 0.63865
1 260 201 0.63765
1 261 201 0.643225
1 262 201 0.63465
1 263 201 0.64
1 264 201 0.638275
1 265 201 0.642375
1 266 201 0.639925
1 267 201 0.639825
1 268 201 0.637825
1 269 201 0.63715
1 270 201 0.64135
1 271 201 0.6392
1 272 201 0.641375
1 273 201 0.63685
1 274 201 0.640025
1 275 201 0.6416
1 276 201 0.64025
1 277 201 0.641375
1 278 201 0.642525
1 279 201 0.6409
1 280 201 0.641625
1 281 201 0.63985
1 282 201 0.643725
1 283 201 0.64355
1 284 201 0.642525
1 285 201 0.6426
1 286 201 0.64815
1 287 201 0.648125
1 288 201 0.6428
1 289 201 0.6447
1 290 201 0.642525
1 291 201 0.642625
1 292 201 0.6435
1 293 201 0.6469
1 294 201 0.649025
1 295 201 0.647175
1 296 201 0.64405
1 297 201 0.646525
1 298 201 0.646175
1 299 201 0.646
1 300 201 0.645775
1 301 201 0.645125
1 302 201 0.646725
1 303 201 0.6458
1 304 201 0.644925
1 305 201 0.645525
1 306 201 0.64805
1 307 201 0.647875
1 308 201 0.64615
1 309 201 0.6484
1 310 201 0.64465
1 311 201 0.6481
1 312 201 0.646375
1 313 201 0.6453
1 314 201 0.645425
1 315 201 0.64995
1 316 201 0.649075
1 317 201 0.6481
1 318 201 0.6509
1 319 201 0.64855
1 320 201 0.6493
1 321 201 0.650075
1 322 201 0.648525
1 323 201 0.649025
1 324 201 0.6505
1 325 201 0.6532
1 326 201 0.64985
1 327 201 0.6504
1 328 201 0.652775
1 329 201 0.652275
1 330 201 0.6506
1 331 201 0.65305
1 332 201 0.654775
1 333 201 0.655325
1 334 201 0.652325
1 335 201 0.652675
1 336 201 0.652675
1 337 201 0.652
1 338 201 0.6522
1 339 201 0.652475
1 340 201 0.6531
1 341 201 0.65515
1 342 201 0.655375
1 343 201 0.65365
1 344 201 0.656975
1 345 201 0.653125
1 346 201 0.6558
1 347 201 0.654975
1 348 201 0.6554
1 349 201 0.655975
1 350 201 0.6554
1 351 201 0.6527
1 352 201 0.652025
1 353 201 0.65575
1 354 201 0.653825
1 355 201 0.6531
1 356 201 0.6547
1 357 201 0.65115
1 358 201 0.655675
1 359 201 0.654525
1 360 201 0.653925
1 361 201 0.6547
1 362 201 0.65515
1 363 201 0.657025
1 364 201 0.65425
1 365 201 0.6534
1 366 201 0.655375
1 367 201 0.6596
1 368 201 0.6537
1 369 201 0.6583
1 370 201 0.657725
1 371 201 0.656325
1 372 201 0.6574
1 373 201 0.65765
1 374 201 0.6543
1 375 201 0.659675
1 376 201 0.6535
1 377 201 0.657825
1 378 201 0.6584
1 379 201 0.65965
1 380 201 0.65625
1 381 201 0.658525
1 382 201 0.65725
1 383 201 0.655975
1 384 201 0.655475
1 385 201 0.657375
1 386 201 0.66015
1 387 201 0.659925
1 388 201 0.658925
1 389 201 0.656875
1 390 201 0.659375
1 391 201 0.65905
1 392 201 0.65995
1 393 201 0.662025
1 394 201 0.662025
1 395 201 0.6608
1 396 201 0.659725
1 397 201 0.661075
1 398 201 0.6635
1 399 201 0.65995
1 400 201 0.660225
1 401 201 0.663125
1 402 201 0.666025
1 403 201 0.6617
1 404 201 0.664225
1 405 201 0.663575
1 406 201 0.66265
1 407 201 0.661825
1 408 201 0.667725
1 409 201 0.66275
1 410 201 0.6637
1 411 201 0.6655
1 412 201 0.6617
1 413 201 0.6655
1 414 201 0.661775
1 415 201 0.662675
1 416 201 0.661875
1 417 201 0.65865
1 418 201 0.6653
1 419 201 0.6619
1 420 201 0.659025
1 421 201 0.665
1 422 201 0.666775
1 423 201 0.6626
1 424 201 0.6631
1 425 201 0.66225
1 426 201 0.6655
1 427 201 0.6633
1 428 201 0.6634
1 429 201 0.666375
1 430 201 0.665975
1 431 201 0.665875
1 432 201 0.664125
1 433 201 0.660325
1 434 201 0.669275
1 435 201 0.663625
1 436 201 0.662225
1 437 201 0.668925
1 438 201 0.6663
1 439 201 0.6655
1 440 201 0.66565
1 441 201 0.665175
1 442 201 0.6663
1 443 201 0.6654
1 444 201 0.6671
1 445 201 0.66795
1 446 201 0.667725
1 447 201 0.666275
1 448 201 0.66765
1 449 201 0.663425
1 450 201 0.667625
1 451 201 0.666025
1 452 201 0.669025
1 453 201 0.67035
1 454 201 0.6667
1 455 201 0.666275
1 456 201 0.669725
1 457 201 0.66635
1 458 201 0.669925
1 459 201 0.66975
1 460 201 0.6677
1 461 201 0.6711
1 462 201 0.6673
1 463 201 0.6667
1 464 201 0.666225
1 465 201 0.667775
1 466 201 0.667225
1 467 201 0.67165
1 468 201 0.66765
1 469 201 0.6686
1 470 201 0.6683
1 471 201 0.6685
1 472 201 0.6688
1 473 201 0.672775
1 474 201 0.66755
1 475 201 0.66995
1 476 201 0.671075
1 477 201 0.67085
1 478 201 0.671775
1 479 201 0.6702
1 480 201 0.6719
1 481 201 0.673225
1 482 201 0.670425
1 483 201 0.673225
1 484 201 0.674675
1 485 201 0.669575
1 486 201 0.67195
1 487 201 0.668825
1 488 201 0.6705
1 489 201 0.67455
1 490 201 0.675075
1 491 201 0.67615
1 492 201 0.673325
1 493 201 0.6701
1 494 201 0.67495
1 495 201 0.66905
1 496 201 0.6726
1 497 201 0.6722
1 498 201 0.67875
1 499 201 0.6726
1 500 201 0.6749
1 501 201 0.674025
1 502 201 0.6728
1 503 201 0.671975
1 504 201 0.673025
1 505 201 0.6748
1 506 201 0.672125
1 507 201 0.6721
1 508 201 0.6786
1 509 201 0.67125
1 510 201 0.67215
1 511 201 0.67255
1 512 201 0.676475
1 513 201 0.67575
1 514 201 0.67485
1 515 201 0.6761
1 516 201 0.676325
1 517 201 0.6739
1 518 201 0.67615
1 519 201 0.674975
1 520 201 0.676375
1 521 201 0.679075
1 522 201 0.6715
1 523 201 0.67665
1 524 201 0.67595
1 525 201 0.67495
1 526 201 0.675425
1 527 201 0.676975
1 528 201 0.678475
1 529 201 0.676
1 530 201 0.676475
1 531 201 0.677275
1 532 201 0.673375
1 533 201 0.678475
1 534 201 0.68035
1 535 201 0.6753
1 536 201 0.68005
1 537 201 0.679425
1 538 201 0.67745
1 539 201 0.675625
1 540 201 0.680425
1 541 201 0.679675
1 542 201 0.675875
1 543 201 0.6779
1 544 201 0.6816
1 545 201 0.680475
1 546 201 0.675725
1 547 201 0.6745
1 548 201 0.6782
1 549 201 0.677475
1 550 201 0.675575
1 551 201 0.679525
1 552 201 0.675075
1 553 201 0.679475
1 554 201 0.682975
1 555 201 0.674325
1 556 201 0.68005
1 557 201 0.6744
1 558 201 0.6762
1 559 201 0.6795
1 560 201 0.679925
1 561 201 0.676875
1 562 201 0.6798
1 563 201 0.679175
1 564 201 0.679625
1 565 201 0.67955
1 566 201 0.679075
1 567 201 0.678075
1 568 201 0.680325
1 569 201 0.680125
1 570 201 0.681225
1 571 201 0.68065
1 572 201 0.677325
1 573 201 0.6784
1 574 201 0.68135
1 575 201 0.68075
1 576 201 0.6814
1 577 201 0.678975
1 578 201 0.677325
1 579 201 0.68125
1 580 201 0.680475
1 581 201 0.684
1 582 201 0.679125
1 583 201 0.6793
1 584 201 0.67795
1 585 201 0.684075
1 586 201 0.678225
1 587 201 0.6798
1 588 201 0.68235
1 589 201 0.679225
1 590 201 0.67905
1 591 201 0.684675
1 592 201 0.68285
1 593 201 0.679725
1 594 201 0.679625
1 595 201 0.680675
1 596 201 0.680625
1 597 201 0.683675
1 598 201 0.682325
1 599 201 0.6822
1 600 201 0.68065
1 601 201 0.682375
1 602 201 0.6791
1 603 201 0.683275
1 604 201 0.68145
1 605 201 0.677525
1 606 201 0.67895
1 607 201 0.684175
1 608 201 0.6807
1 609 201 0.680525
1 610 201 0.678675
1 611 201 0.678825
1 612 201 0.6813
1 613 201 0.6863
1 614 201 0.680775
1 615 201 0.68
1 616 201 0.68
1 617 201 0.680975
1 618 201 0.68055
1 619 201 0.681675
1 620 201 0.68235
1 621 201 0.683875
1 622 201 0.683425
1 623 201 0.6795
1 624 201 0.68
1 625 201 0.68085
1 626 201 0.67795
1 627 201 0.68145
1 628 201 0.6803
1 629 201 0.680875
1 630 201 0.6833
1 631 201 0.684125
1 632 201 0.68465
1 633 201 0.6801
1 634 201 0.680525
1 635 201 0.681225
1 636 201 0.683225
1 637 201 0.6795
1 638 201 0.684175
1 639 201 0.681075
1 640 201 0.68125
1 641 201 0.68035
1 642 201 0.683925
1 643 201 0.679225
1 644 201 0.685125
1 645 201 0.6825
1 646 201 0.6766
1 647 201 0.678725
1 648 201 0.679125
1 649 201 0.681475
1 650 201 0.67925
1 651 201 0.680825
1 652 201 0.682775
1 653 201 0.6829
1 654 201 0.682575
1 655 201 0.6829
1 656 201 0.68325
1 657 201 0.681075
1 658 201 0.68025
1 659 201 0.6828
1 660 201 0.68135
1 661 201 0.6864
1 662 201 0.681725
1 663 201 0.6785
1 664 201 0.67625
1 665 201 0.684775
1 666 201 0.682575
1 667 201 0.680025
1 668 201 0.68395
1 669 201 0.678575
1 670 201 0.680575
1 671 201 0.680125
1 672 201 0.678425
1 673 201 0.682475
1 674 201 0.681225
1 675 201 0.680625
1 676 201 0.678225
1 677 201 0.68075
1 678 201 0.6838
1 679 201 0.68785
1 680 201 0.685825
1 681 201 0.68115
1 682 201 0.677475
1 683 201 0.67955
1 684 201 0.683475
1 685 201 0.68405
1 686 201 0.6811
1 687 201 0.68155
1 688 201 0.68215
1 689 201 0.67865
1 690 201 0.682075
1 691 201 0.681325
1 692 201 0.683775
1 693 201 0.682625
1 694 201 0.679425
1 695 201 0.67905
1 696 201 0.6803
1 697 201 0.680825
1 698 201 0.682225
1 699 201 0.678275
1 700 201 0.68145
1 701 201 0.6785
1 702 201 0.68235
1 703 201 0.67945
1 704 201 0.6835
1 705 201 0.68435
1 706 201 0.68245
1 707 201 0.680275
1 708 201 0.681825
1 709 201 0.67945
1 710 201 0.6792
1 711 201 0.680875
1 712 201 0.6815
1 713 201 0.68295
1 714 201 0.67885
1 715 201 0.680675
1 716 201 0.6827
1 717 201 0.683175
1 718 201 0.68155
1 719 201 0.67995
1 720 201 0.676125
1 721 201 0.6822
1 722 201 0.6799
1 723 201 0.68175
1 724 201 0.677
1 725 201 0.6835
1 726 201 0.684075
1 727 201 0.6829
1 728 201 0.685275
1 729 201 0.678975
1 730 201 0.67935
1 731 201 0.67885
1 732 201 0.681125
1 733 201 0.683225
1 734 201 0.68395
1 735 201 0.682475
1 736 201 0.6798
1 737 201 0.682975
1 738 201 0.680275
1 739 201 0.681775
1 740 201 0.6856
1 741 201 0.683925
1 742 201 0.682
1 743 201 0.684375
1 744 201 0.67885
1 745 201 0.68425
1 746 201 0.68305
1 747 201 0.683275
1 748 201 0.6863
1 749 201 0.679225
1 750 201 0.68205
1 751 201 0.6829
1 752 201 0.683825
1 753 201 0.6846
1 754 201 0.680475
1 755 201 0.677125
1 756 201 0.6826
1 757 201 0.680675
1 758 201 0.6801
1 759 201 0.6805
1 760 201 0.6803
1 761 201 0.67835
1 762 201 0.685525
1 763 201 0.68445
1 764 201 0.676825
1 765 201 0.67905
1 766 201 0.682525
1 767 201 0.68375
1 768 201 0.682325
1 769 201 0.681225
1 770 201 0.681925
1 771 201 0.685375
1 772 201 0.682225
1 773 201 0.68595
1 774 201 0.6802
1 775 201 0.680425
1 776 201 0.68075
1 777 201 0.680675
1 778 201 0.682675
1 779 201 0.684725
1 780 201 0.682
1 781 201 0.68095
1 782 201 0.68485
1 783 201 0.68365
1 784 201 0.68345
1 785 201 0.681
1 786 201 0.6832
1 787 201 0.684075
1 788 201 0.682875
1 789 201 0.686075
1 790 201 0.678025
1 791 201 0.684425
1 792 201 0.68605
1 793 201 0.67965
1 794 201 0.6826
1 795 201 0.68685
1 796 201 0.682925
1 797 201 0.683975
1 798 201 0.68305
1 799 201 0.685975
1 800 201 0.683375
1 801 201 0.686725
1 802 201 0.684125
1 803 201 0.68585
1 804 201 0.6867
1 805 201 0.68705
1 806 201 0.686825
1 807 201 0.6824
1 808 201 0.68695
1 809 201 0.6873
1 810 201 0.682825
1 811 201 0.68185
1 812 201 0.68525
1 813 201 0.68475
1 814 201 0.6845
1 815 201 0.689725
1 816 201 0.6844
1 817 201 0.6871
1 818 201 0.6844
1 819 201 0.68275
1 820 201 0.682975
1 821 201 0.687275
1 822 201 0.685
1 823 201 0.686225
1 824 201 0.6849
1 825 201 0.6865
1 826 201 0.683975
1 827 201 0.685425
1 828 201 0.687
1 829 201 0.68705
1 830 201 0.68765
1 831 201 0.684675
1 832 201 0.6866
1 833 201 0.686925
1 834 201 0.685525
1 835 201 0.68625
1 836 201 0.684675
1 837 201 0.687425
1 838 201 0.681
1 839 201 0.684225
1 840 201 0.689625
1 841 201 0.685775
1 842 201 0.685975
1 843 201 0.685675
1 844 201 0.68165
1 845 201 0.687525
1 846 201 0.6837
1 847 201 0.687725
1 848 201 0.682725
1 849 201 0.6871
1 850 201 0.688825
1 851 201 0.686825
1 852 201 0.685225
1 853 201 0.684125
1 854 201 0.68915
1 855 201 0.685625
1 856 201 0.685825
1 857 201 0.685975
1 858 201 0.687775
1 859 201 0.686425
1 860 201 0.686175
1 861 201 0.686275
1 862 201 0.682
1 863 201 0.6873
1 864 201 0.68505
1 865 201 0.689575
1 866 201 0.683075
1 867 201 0.689375
1 868 201 0.68855
1 869 201 0.68815
1 870 201 0.68755
1 871 201 0.687275
1 872 201 0.690425
1 873 201 0.686975
1 874 201 0.681325
1 875 201 0.688275
1 876 201 0.687325
1 877 201 0.6894
1 878 201 0.686675
1 879 201 0.6884
1 880 201 0.6866
1 881 201 0.68915
1 882 201 0.6865
1 883 201 0.68885
1 884 201 0.68625
1 885 201 0.6877
1 886 201 0.68665
1 887 201 0.687075
1 888 201 0.689975
1 889 201 0.68795
1 890 201 0.6919
1 891 201 0.687125
1 892 201 0.689575
1 893 201 0.687675
1 894 201 0.684275
1 895 201 0.6891
1 896 201 0.688175
1 897 201 0.68555
1 898 201 0.687525
1 899 201 0.687025
1 900 201 0.68925
1 901 201 0.689075
1 902 201 0.69185
1 903 201 0.69055
1 904 201 0.688625
1 905 201 0.686625
1 906 201 0.68825
1 907 201 0.688
1 908 201 0.686775
1 909 201 0.6842
1 910 201 0.68735
1 911 201 0.683225
1 912 201 0.69125
1 913 201 0.6881
1 914 201 0.686325
1 915 201 0.687525
1 916 201 0.688075
1 917 201 0.68485
1 918 201 0.685825
1 919 201 0.687
1 920 201 0.6862
1 921 201 0.6893
1 922 201 0.690075
1 923 201 0.69285
1 924 201 0.688025
1 925 201 0.6884
1 926 201 0.68875
1 927 201 0.687325
1 928 201 0.6921
1 929 201 0.68575
1 930 201 0.68835
1 931 201 0.6884
1 932 201 0.684175
1 933 201 0.693125
1 934 201 0.691425
1 935 201 0.6931
1 936 201 0.68885
1 937 201 0.691925
1 938 201 0.688325
1 939 201 0.688875
1 940 201 0.688175
1 941 201 0.6899
1 942 201 0.6887
1 943 201 0.69395
1 944 201 0.68795
1 945 201 0.689075
1 946 201 0.6844
1 947 201 0.69465
1 948 201 0.686725
1 949 201 0.694275
1 950 201 0.688
1 951 201 0.6903
1 952 201 0.6884
1 953 201 0.690775
1 954 201 0.6887
1 955 201 0.69185
1 956 201 0.687125
1 957 201 0.689125
1 958 201 0.6911
1 959 201 0.68975
1 960 201 0.69405
1 961 201 0.68945
1 962 201 0.694275
1 963 201 0.687825
1 964 201 0.686625
1 965 201 0.690325
1 966 201 0.685
1 967 201 0.6854
1 968 201 0.694175
1 969 201 0.687575
1 970 201 0.696125
1 971 201 0.687225
1 972 201 0.691125
1 973 201 0.690225
1 974 201 0.69375
1 975 201 0.6936
1 976 201 0.691725
1 977 201 0.691275
1 978 201 0.686975
1 979 201 0.688925
1 980 201 0.69245
1 981 201 0.69075
1 982 201 0.69175
1 983 201 0.692125
1 984 201 0.68965
1 985 201 0.68955
1 986 201 0.691875
1 987 201 0.689225
1 988 201 0.693825
1 989 201 0.68985
1 990 201 0.69075
1 991 201 0.69295
1 992 201 0.692425
1 993 201 0.691525
1 994 201 0.69
1 995 201 0.69475
1 996 201 0.691375
1 997 201 0.6937
1 998 201 0.693175
1 999 201 0.69085
1 1000 201 0.6931
2 1 201 0.45465
2 2 201 0.456975
2 3 201 0.504925
2 4 201 0.547375
2 5 201 0.5331
2 6 201 0.546875
2 7 201 0.538975
2 8 201 0.527475
2 9 201 0.5155
2 10 201 0.518275
2 11 201 0.51765
2 12 201 0.50725
2 13 201 0.507125
2 14 201 0.496
2 15 201 0.502225
2 16 201 0.50875
2 17 201 0.519375
2 18 201 0.523
2 19 201 0.532275
2 20 201 0.534675
2 21 201 0.541525
2 22 201 0.544275
2 23 201 0.549025
2 24 201 0.55495
2 25 201 0.5564
2 26 201 0.5604
2 27 201 0.5642
2 28 201 0.5609
2 29 201 0.5572
2 30 201 0.5557
2 31 201 0.552
2 32 201 0.5536
2 33 201 0.547575
2 34 201 0.539775
2 35 201 0.538425
2 36 201 0.5365
2 37 201 0.537925
2 38 201 0.537575
2 39 201 0.541375
2 40 201 0.5467
2 41 201 0.544925
2 42 201 0.547625
2 43 201 0.549075
2 44 201 0.549475
2 45 201 0.54665
2 46 201 0.5485
2 47 201 0.54975
2 48 201 0.55405
2 49 201 0.560225
2 50 201 0.558825
2 51 201 0.563925
2 52 201 0.56445
2 53 201 0.5663
2 54 201 0.566525
2 55 201 0.573675
2 56 201 0.5696
2 57 201 0.576525
2 58 201 0.576225
2 59 201 0.576575
2 60 201 0.57525
2 61 201 0.57615
2 62 201 0.576625
2 63 201 0.57835
2 64 201 0.57985
2 65 201 0.5786
2 66 201 0.58205
2 67 201 0.57385
2 68 201 0.5783
2 69 201 0.57625
2 70 201 0.5807
2 71 201 0.57825
2 72 201 0.577375
2 73 201 0.579375
2 74 201 0.5722
2 75 201 0.5723
2 76 201 0.573075
2 77 201 0.5704
2 78 201 0.57485
2 79 201 0.5796
2 80 201 0.57155
2 81 201 0.577975
2 82 201 0.576575
2 83 201 0.577225
2 84 201 0.577575
2 85 201 0.57905
2 86 201 0.576575
2 87 201 0.5789
2 88 201 0.58065
2 89 201 0.584075
2 90 201 0.585925
2 91 201 0.587925
2 92 201 0.58725
2 93 201 0.587075
2 94 201 0.593925
2 95 201 0.591525
2 96 201 0.592875
2 97 201 0.593525
2 98 201 0.595475
2 99 201 0.597225
2 100 201 0.597875
2 101 201 0.599975
2 102 201 0.59845
2 103 201 0.6001
2 104 201 0.6017
2 105 201 0.597975
2 106 201 0.599425
2 107 201 0.59475
2 108 201 0.59935
2 109 201 0.598125
2 110 201 0.60055
2 111 201 0.5982
2 112 201 0.598475
2 113 201 0.598975
2 114 201 0.5974
2 115 201 0.595175
2 116 201 0.59665
2 117 201 0.599975
2 118 201 0.595175
2 119 201 0.593875
2 120 201 0.596725
2 121 201 0.595075
2 122 201 0.596625
2 123 201 0.5969
2 124 201 0.59755
2 125 201 0.596525
2 126 201 0.590225
2 127 201 0.5998
2 128 201 0.59865
2 129 201 0.6018
2 130 201 0.5987
2 131 201 0.598575
2 132 201 0.6042
2 133 201 0.59785
2 134 201 0.6029
2 135 201 0.602825
2 136 201 0.6047
2 137 201 0.60635
2 138 201 0.6084
2 139 201 0.606725
2 140 201 0.6099
2 141 201 0.605375
2 142 201 0.609575
2 143 201 0.607575
2 144 201 0.61185
2 145 201 0.61365
2 146 201 0.609775
2 147 201 0.611375
2 148 201 0.6088
2 149 201 0.611275
2 150 201 0.612975
2 151 201 0.6127
2 152 201 0.612525
2 153 201 0.61315
2 154 201 0.61245
2 155 201 0.6129
2 156 201 0.61375
2 157 201 0.610875
2 158 201 0.61415
2 159 201 0.61335
2 160 201 0.613125
2 161 201 0.612275
2 162 201 0.613025
2 163 201 0.6144
2 164 201 0.616325
2 165 201 0.609475
2 166 201 0.611775
2 167 201 0.6139
2 168 201 0.61515
2 169 201 0.613075
2 170 201 0.61745
2 171 201 0.613525
2 172 201 0.614675
2 173 201 0.6131
2 174 201 0.616675
2 175 201 0.61755
2 176 201 0.616975
2 177 201 0.61695
2 178 201 0.61505
2 179 201 0.622375
2 180 201 0.617275
2 181 201 0.61675
2 182 201 0.62195
2 183 201 0.623525
2 184 201 0.61835
2 185 201 0.6196
2 186 201 0.618025
2 187 201 0.61795
2 188 201 0.62015
2 189 201 0.619325
2 190 201 0.62235
2 191 201 0.6216
2 192 201 0.62175
2 193 201 0.6238
2 194 201 0.62655
2 195 201 0.62375
2 196 201 0.6277
2 197 201 0.6276
2 198 201 0.6274
2 199 201 0.627075
2 200 201 0.627075
2 201 201 0.629075
2 202 201 0.629225
2 203 201 0.63005
2 204 201 0.631175
2 205 201 0.6286
2 206 201 0.62825
2 207 201 0.6266
2 208 201 0.629175
2 209 201 0.629775
2 210 201 0.62915
2 211 201 0.631425
2 212 201 0.629625
2 213 201 0.62885
2 214 201 0.62705
2 215 201 0.632225
2 216 201 0.633175
2 217 201 0.629975
2 218 201 0.6304
2 219 201 0.63015
2 220 201 0.632225
2 221 201 0.626875
2 222 201 0.6301
2 223 201 0.63495
2 224 201 0.634975
2 225 201 0.634125
2 226 201 0.631025
2 227 201 0.6326
2 228 201 0.633675
2 229 201 0.628575
2 230 201 0.63085
2 231 201 0.6342
2 232 201 0.631775
2 233 201 0.6328
2 234 201 0.630025
2 235 201 0.63285
2 236 201 0.635825
2 237 201 0.636225
2 238 201 0.629675
2 239 201 0.635025
2 240 201 0.631875
2 241 201 0.63415
2 242 201 0.633775
2 243 201 0.63385
2 244 201 0.634825
2 245 201 0.6372
2 246 201 0.6372
2 247 201 0.6327
2 248 201 0.634475
2 249 201 0.63415
2 250 201 0.6357
2 251 201 0.63365
2 252 201 0.6346
2 253 201 0.63565
2 254 201 0.63645
2 255 201 0.632925
2 256 201 0.634275
2 257 201 0.635225
2 258 201 0.633725
2 259 201 0.635425
2 260 201 0.635975
2 261 201 0.6414
2 262 201 0.6362
2 263 201 0.63335
2 264 201 0.641775
2 265 201 0.63525
2 266 201 0.634575
2 267 201 0.6354
2 268 201 0.63905
2 269 201 0.636625
2 270 201 0.639125
2 271 201 0.63895
2 272 201 0.6381
2 273 201 0.63685
2 274 201 0.641625
2 275 201 0.64065
2 276 201 0.6394
2 277 201 0.641675
2 278 201 0.639075
2 279 201 0.636975
2 280 201 0.643225
2 281 201 0.646775
2 282 201 0.642225
2 283 201 0.6431
2 284 201 0.643725
2 285 201 0.645175
2 286 201 0.645375
2 287 201 0.644025
2 288 201 0.6451
2 289 201 0.647175
2 290 201 0.640575
2 291 201 0.6476
2 292 201 0.643325
2 293 201 0.646425
2 294 201 0.6486
2 295 201 0.647025
2 296 201 0.647
2 297 201 0.6443
2 298 201 0.6479
2 299 201 0.6453
2 300 201 0.647525
2 301 201 0.64455
2 302 201 0.64695
2 303 201 0.64605
2 304 201 0.64715
2 305 201 0.64545
2 306 201 0.64905
2 307 201 0.6492
2 308 201 0.650175
2 309 201 0.64815
2 310 201 0.647425
2 311 201 0.649175
2 312 201 0.647925
2 313 201 0.6438
2 314 201 0.646825
2 315 201 0.646925
2 316 201 0.649975
2 317 201 0.6462
2 318 201 0.64775
2 319 201 0.649725
2 320 201 0.653075
2 321 201 0.6478
2 322 201 0.654
2 323 201 0.6509
2 324 201 0.651425
2 325 201 0.651875
2 326 201 0.649225
2 327 201 0.65375
2 328 201 0.650875
2 329 201 0.649975
2 330 201 0.65295
2 331 201 0.654525
2 332 201 0.654175
2 333 201 0.65185
2 334 201 0.657625
2 335 201 0.653275
2 336 201 0.654925
2 337 201 0.652
2 338 201 0.6547
2 339 201 0.65505
2 340 201 0.654975
2 341 201 0.6503
2 342 201 0.652975
2 343 201 0.6528
2 344 201 0.652625
2 345 201 0.65235
2 346 201 0.65085
2 347 201 0.653825
2 348 201 0.653375
2 349 201 0.655875
2 350 201 0.653625
2 351 201 0.6537
2 352 201 0.656325
2 353 201 0.656125
2 354 201 0.655325
2 355 201 0.65515
2 356 201 0.6555
2 357 201 0.654075
2 358 201 0.654175
2 359 201 0.654
2 360 201 0.654825
2 361 201 0.6539
2 362 201 0.65085
2 363 201 0.658525
2 364 201 0.65265
2 365 201 0.656925
2 366 201 0.656675
2 367 201 0.6559
2 368 201 0.65485
2 369 201 0.6489
2 370 201 0.6585
2 371 201 0.65335
2 372 201 0.658975
2 373 201 0.658225
2 374 201 0.6579
2 375 201 0.6586
2 376 201 0.65865
2 377 201 0.656075
2 378 201 0.656125
2 379 201 0.65525
2 380 201 0.659425
2 381 201 0.6567
2 382 201 0.654575
2 383 201 0.656375
2 384 201 0.659575
2 385 201 0.65785
2 386 201 0.660125
2 387 201 0.657775
2 388 201 0.65635
2 389 201 0.65795
2 390 201 0.65605
2 391 201 0.661325
2 392 201 0.66225
2 393 201 0.6587
2 394 201 0.659075
2 395 201 0.6626
2 396 201 0.661425
2 397 201 0.6582
2 398 201 0.658125
2 399 201 0.65755
2 400 201 0.66505
2 401 201 0.6608
2 402 201 0.663325
2 403 201 0.661025
2 404 201 0.6612
2 405 201 0.663875
2 406 201 0.6611
2 407 201 0.661525
2 408 201 0.661275
2 409 201 0.66565
2 410 201 0.66195
2 411 201 0.66105
2 412 201 0.66295
2 413 201 0.665125
2 414 201 0.6624
2 415 201 0.664375
2 416 201 0.663225
2 417 201 0.662625
2 418 201 0.6656
2 419 201 0.665125
2 420 201 0.665975
2 421 201 0.661975
2 422 201 0.663875
2 423 201 0.6631
2 424 201 0.664625
2 425 201 0.663925
2 426 201 0.660725
2 427 201 0.6647
2 428 201 0.6629
2 429 201 0.6699
2 430 201 0.666175
2 431 201 0.6638
2 432 201 0.663975
2 433 201 0.666275
2 434 201 0.666625
2 435 201 0.664275
2 436 201 0.666275
2 437 201 0.664325
2 438 201 0.664225
2 439 201 0.66005
2 440 201 0.668575
2 441 201 0.6699
2 442 201 0.669325
2 443 201 0.66625
2 444 201 0.66845
2 445 201 0.6672
2 446 201 0.665525
2 447 201 0.6644
2 448 201 0.667075
2 449 201 0.66745
2 450 201 0.662175
2 451 201 0.66605
2 452 201 0.667275
2 453 201 0.6682
2 454 201 0.668025
2 455 201 0.67075
2 456 201 0.668475
2 457 201 0.666825
2 458 201 0.66535
2 459 201 0.667875
2 460 201 0.6678
2 461 201 0.667275
2 462 201 0.67055
2 463 201 0.67165
2 464 201 0.6723
2 465 201 0.6702
2 466 201 0.66855
2 467 201 0.67175
2 468 201 0.6695
2 469 201 0.6692
2 470 201 0.6703
2 471 201 0.67145
2 472 201 0.672775
2 473 201 0.67185
2 474 201 0.67
2 475 201 0.67455
2 476 201 0.6715
2 477 201 0.671575
2 478 201 0.665325
2 479 201 0.67235
2 480 201 0.669825
2 481 201 0.672025
2 482 201 0.6732
2 483 201 0.671525
2 484 201 0.670225
2 485 201 0.67215
2 486 201 0.67335
2 487 201 0.6753
2 488 201 0.6769
2 489 201 0.669375
2 490 201 0.672425
2 491 201 0.6741
2 492 201 0.6728
2 493 201 0.675825
2 494 201 0.6759
2 495 201 0.673325
2 496 201 0.672175
2 497 201 0.673975
2 498 201 0.6754
2 499 201 0.67025
2 500 201 0.671275
2 501 201 0.672525
2 502 201 0.672075
2 503 201 0.671675
2 504 201 0.67445
2 505 201 0.6744
2 506 201 0.674425
2 507 201 0.676525
2 508 201 0.67575
2 509 201 0.67395
2 510 201 0.67615
2 511 201 0.670625
2 512 201 0.67625
2 513 201 0.673625
2 514 201 0.67355
2 515 201 0.6751
2 516 201 0.673425
2 517 201 0.673275
2 518 201 0.67675
2 519 201 0.67415
2 520 201 0.6785
2 521 201 0.67675
2 522 201 0.676025
2 523 201 0.677425
2 524 201 0.67535
2 525 201 0.6746
2 526 201 0.67615
2 527 201 0.67505
2 528 201 0.677175
2 529 201 0.675225
2 530 201 0.675875
2 531 201 0.67545
2 532 201 0.67575
2 533 201 0.682075
2 534 201 0.6785
2 535 201 0.67845
2 536 201 0.678175
2 537 201 0.677075
2 538 201 0.671275
2 539 201 0.679575
2 540 201 0.675575
2 541 201 0.682475
2 542 201 0.67865
2 543 201 0.6771
2 544 201 0.675475
2 545 201 0.682225
2 546 201 0.67655
2 547 201 0.67665
2 548 201 0.67715
2 549 201 0.67995
2 550 201 0.678725
2 551 201 0.677025
2 552 201 0.6782
2 553 201 0.680325
2 554 201 0.67435
2 555 201 0.6832
2 556 201 0.6797
2 557 201 0.67915
2 558 201 0.67755
2 559 201 0.677025
2 560 201 0.6774
2 561 201 0.678775
2 562 201 0.684225
2 563 201 0.679375
2 564 201 0.6789
2 565 201 0.675
2 566 201 0.6807
2 567 201 0.678575
2 568 201 0.68085
2 569 201 0.677625
2 570 201 0.677325
2 571 201 0.678425
2 572 201 0.6816
2 573 201 0.679025
2 574 201 0.681225
2 575 201 0.680125
2 576 201 0.677575
2 577 201 0.680875
2 578 201 0.68115
2 579 201 0.681225
2 580 201 0.683775
2 581 201 0.68065
2 582 201 0.68195
2 583 201 0.678675
2 584 201 0.68385
2 585 201 0.6802
2 586 201 0.679575
2 587 201 0.68355
2 588 201 0.677925
2 589 201 0.67825
2 590 201 0.681125
2 591 201 0.681975
2 592 201 0.683775
2 593 201 0.678625
2 594 201 0.680175
2 595 201 0.6792
2 596 201 0.6778
2 597 201 0.678775
2 598 201 0.6796
2 599 201 0.6761
2 600 201 0.68465
2 601 201 0.6827
2 602 201 0.6822
2 603 201 0.6806
2 604 201 0.679825
2 605 201 0.67845
2 606 201 0.6845
2 607 201 0.68515
2 608 201 0.68325
2 609 201 0.677075
2 610 201 0.6804
2 611 201 0.680175
2 612 201 0.67745
2 613 201 0.684275
2 614 201 0.680625
2 615 201 0.67775
2 616 201 0.680675
2 617 201 0.6824
2 618 201 0.6825
2 619 201 0.68055
2 620 201 0.6839
2 621 201 0.681425
2 622 201 0.677975
2 623 201 0.6774
2 624 201 0.68515
2 625 201 0.682675
2 626 201 0.678575
2 627 201 0.68125
2 628 201 0.683575
2 629 201 0.6867
2 630 201 0.6837
2 631 201 0.680325
2 632 201 0.6822
2 633 201 0.68095
2 634 201 0.676475
2 635 201 0.6869
2 636 201 0.6824
2 637 201 0.681425
2 638 201 0.6807
2 639 201 0.682425
2 640 201 0.678925
2 641 201 0.679075
2 642 201 0.6818
2 643 201 0.6795
2 644 201 0.684175
2 645 201 0.683575
2 646 201 0.682825
2 647 201 0.680325
2 648 201 0.68315
2 649 201 0.6829
2 650 201 0.679075
2 651 201 0.6851
2 652 201 0.681225
2 653 201 0.6798
2 654 201 0.67875
2 655 201 0.6803
2 656 201 0.6812
2 657 201 0.676075
2 658 201 0.68225
2 659 201 0.68165
2 660 201 0.68015
2 661 201 0.681125
2 662 201 0.680575
2 663 201 0.68575
2 664 201 0.681875
2 665 201 0.6782
2 666 201 0.682625
2 667 201 0.68275
2 668 201 0.684025
2 669 201 0.68095
2 670 201 0.6755
2 671 201 0.684175
2 672 201 0.68165
2 673 201 0.68025
2 674 201 0.68065
2 675 201 0.681175
2 676 201 0.678075
2 677 201 0.680975
2 678 201 0.6788
2 679 201 0.67965
2 680 201 0.6834
2 681 201 0.679975
2 682 201 0.680075
2 683 201 0.680175
2 684 201 0.678975
2 685 201 0.683925
2 686 201 0.677825
2 687 201 0.682575
2 688 201 0.6829
2 689 201 0.684625
2 690 201 0.6816
2 691 201 0.6792
2 692 201 0.679425
2 693 201 0.687225
2 694 201 0.6833
2 695 201 0.682875
2 696 201 0.680775
2 697 201 0.678725
2 698 201 0.6788
2 699 201 0.6796
2 700 201 0.681125
2 701 201 0.683175
2 702 201 0.681025
2 703 201 0.68095
2 704 201 0.681375
2 705 201 0.680225
2 706 201 0.681825
2 707 201 0.68415
2 708 201 0.6787
2 709 201 0.6825
2 710 201 0.6802
2 711 201 0.679975
2 712 201 0.68285
2 713 201 0.67985
2 714 201 0.68325
2 715 201 0.681975
2 716 201 0.6805
2 717 201 0.6816
2 718 201 0.680675
2 719 201 0.680425
2 720 201 0.6803
2 721 201 0.6823
2 722 201 0.677375
2 723 201 0.68255
2 724 201 0.683875
2 725 201 0.685075
2 726 201 0.68465
2 727 201 0.68725
2 728 201 0.682125
2 729 201 0.680075
2 730 201 0.684375
2 731 201 0.68005
2 732 201 0.685025
2 733 201 0.679625
2 734 201 0.681975
2 735 201 0.68325
2 736 201 0.683625
2 737 201 0.683375
2 738 201 0.68455
2 739 201 0.6811
2 740 201 0.68515
2 741 201 0.681275
2 742 201 0.679475
2 743 201 0.67725
2 744 201 0.681
2 745 201 0.682
2 746 201 0.6822
2 747 201 0.68445
2 748 201 0.68235
2 749 201 0.6818
2 750 201 0.6816
2 751 201 0.6837
2 752 201 0.681975
2 753 201 0.680675
2 754 201 0.6833
2 755 201 0.684025
2 756 201 0.679075
2 757 201 0.678925
2 758 201 0.68195
2 759 201 0.6827
2 760 201 0.678975
2 761 201 0.6858
2 762 201 0.683375
2 763 201 0.678225
2 764 201 0.682425
2 765 201 0.680475
2 766 201 0.684575
2 767 201 0.6796
2 768 201 0.6839
2 769 201 0.67975
2 770 201 0.6806
2 771 201 0.685675
2 772 201 0.68345
2 773 201 0.679725
2 774 201 0.678825
2 775 201 0.68165
2 776 201 0.683575
2 777 201 0.682325
2 778 201 0.680125
2 779 201 0.682925
2 780 201 0.682625
2 781 201 0.6834
2 782 201 0.6825
2 783 201 0.682825
2 784 201 0.68165
2 785 201 0.6819
2 786 201 0.6837
2 787 201 0.680275
2 788 201 0.681225
2 789 201 0.684
2 790 201 0.684925
2 791 201 0.683275
2 792 201 0.684725
2 793 201 0.681725
2 794 201 0.68455
2 795 201 0.6859
2 796 201 0.688
2 797 201 0.684525
2 798 201 0.68515
2 799 201 0.685075
2 800 201 0.6786
2 801 201 0.68585
2 802 201 0.687975
2 803 201 0.687475
2 804 201 0.687225
2 805 201 0.686
2 806 201 0.6863
2 807 201 0.686425
2 808 201 0.687875
2 809 201 0.687375
2 810 201 0.68525
2 811 201 0.685775
2 812 201 0.6829
2 813 201 0.683425
2 814 201 0.6832
2 815 201 0.68705
2 816 201 0.68785
2 817 201 0.684825
2 818 201 0.68255
2 819 201 0.679325
2 820 201 0.689175
2 821 201 0.690575
2 822 201 0.685225
2 823 201 0.683525
2 824 201 0.68565
2 825 201 0.68645
2 826 201 0.68485
2 827 201 0.68645
2 828 201 0.6876
2 829 201 0.6888
2 830 201 0.682575
2 831 201 0.691475
2 832 201 0.686825
2 833 201 0.685525
2 834 201 0.6892
2 835 201 0.686075
2 836 201 0.688025
2 837 201 0.686925
2 838 201 0.683925
2 839 201 0.6903
2 840 201 0.689
2 841 201 0.684625
2 842 201 0.686525
2 843 201 0.68945
2 844 201 0.686725
2 845 201 0.6833
2 846 201 0.68725
2 847 201 0.686
2 848 201 0.683675
2 849 201 0.6856
2 850 201 0.6894
2 851 201 0.687
2 852 201 0.683675
2 853 201 0.686275
2 854 201 0.686375
2 855 201 0.688375
2 856 201 0.688825
2 857 201 0.68505
2 858 201 0.68755
2 859 201 0.6849
2 860 201 0.689725
2 861 201 0.689275
2 862 201 0.686125
2 863 201 0.687875
2 864 201 0.68935
2 865 201 0.6876
2 866 201 0.685325
2 867 201 0.687275
2 868 201 0.6874
2 869 201 0.6862
2 870 201 0.682825
2 871 201 0.687975
2 872 201 0.68985
2 873 201 0.6827
2 874 201 0.6886
2 875 201 0.68325
2 876 201 0.68555
2 877 201 0.685975
2 878 201 0.6868
2 879 201 0.6874
2 880 201 0.6899
2 881 201 0.687975
2 882 201 0.688075
2 883 201 0.687525
2 884 201 0.684025
2 885 201 0.68945
2 886 201 0.687475
2 887 201 0.686875
2 888 201 0.6857
2 889 201 0.68805
2 890 201 0.69045
2 891 201 0.68755
2 892 201 0.68765
2 893 201 0.686275
2 894 201 0.683625
2 895 201 0.683975
2 896 201 0.683675
2 897 201 0.6856
2 898 201 0.686125
2 899 201 0.686275
2 900 201 0.6877
2 901 201 0.69055
2 902 201 0.6869
2 903 201 0.687425
2 904 201 0.68585
2 905 201 0.6886
2 906 201 0.689125
2 907 201 0.688825
2 908 201 0.6902
2 909 201 0.685275
2 910 201 0.689425
2 911 201 0.6893
2 912 201 0.6887
2 913 201 0.683825
2 914 201 0.6848
2 915 201 0.689975
2 916 201 0.691525
2 917 201 0.68765
2 918 201 0.686325
2 919 201 0.689975
2 920 201 0.689625
2 921 201 0.68375
2 922 201 0.6894
2 923 201 0.693675
2 924 201 0.6891
2 925 201 0.688375
2 926 201 0.68785
2 927 201 0.689375
2 928 201 0.692375
2 929 201 0.687875
2 930 201 0.689325
2 931 201 0.689575
2 932 201 0.684575
2 933 201 0.69005
2 934 201 0.68815
2 935 201 0.68965
2 936 201 0.6862
2 937 201 0.6858
2 938 201 0.686775
2 939 201 0.691725
2 940 201 0.687225
2 941 201 0.691175
2 942 201 0.68935
2 943 201 0.6892
2 944 201 0.686
2 945 201 0.68905
2 946 201 0.692025
2 947 201 0.688225
2 948 201 0.69145
2 949 201 0.6913
2 950 201 0.6909
2 951 201 0.6914
2 952 201 0.689175
2 953 201 0.68935
2 954 201 0.689775
2 955 201 0.689075
2 956 201 0.691775
2 957 201 0.688875
2 958 201 0.68895
2 959 201 0.690625
2 960 201 0.68815
2 961 201 0.68935
2 962 201 0.688275
2 963 201 0.690425
2 964 201 0.6926
2 965 201 0.691175
2 966 201 0.6882
2 967 201 0.686075
2 968 201 0.69415
2 969 201 0.689475
2 970 201 0.6911
2 971 201 0.691425
2 972 201 0.690875
2 973 201 0.692475
2 974 201 0.689275
2 975 201 0.686575
2 976 201 0.6936
2 977 201 0.68785
2 978 201 0.690475
2 979 201 0.6922
2 980 201 0.69075
2 981 201 0.6904
2 982 201 0.6906
2 983 201 0.68865
2 984 201 0.688225
2 985 201 0.68975
2 986 201 0.6898
2 987 201 0.691175
2 988 201 0.694475
2 989 201 0.68945
2 990 201 0.687775
2 991 201 0.684975
2 992 201 0.69235
2 993 201 0.690975
2 994 201 0.693875
2 995 201 0.695025
2 996 201 0.69215
2 997 201 0.69305
2 998 201 0.69055
2 999 201 0.69395
2 1000 201 0.6948
