1 1 301 0.442872
1 2 301 0.45425
1 3 301 0.494175
1 4 301 0.535925
1 5 301 0.517425
1 6 301 0.529225
1 7 301 0.5314
1 8 301 0.5258
1 9 301 0.514825
1 10 301 0.51485
1 11 301 0.51635
1 12 301 0.503825
1 13 301 0.50075
1 14 301 0.498425
1 15 301 0.503325
1 16 301 0.5106
1 17 301 0.51535
1 18 301 0.526425
1 19 301 0.5336
1 20 301 0.5351
1 21 301 0.5428
1 22 301 0.54425
1 23 301 0.546275
1 24 301 0.5565
1 25 301 0.5562
1 26 301 0.56275
1 27 301 0.554175
1 28 301 0.556775
1 29 301 0.55465
1 30 301 0.557325
1 31 301 0.547825
1 32 301 0.543975
1 33 301 0.540475
1 34 301 0.53915
1 35 301 0.535125
1 36 301 0.53535
1 37 301 0.53825
1 38 301 0.539025
1 39 301 0.5378
1 40 301 0.541225
1 41 301 0.546475
1 42 301 0.543825
1 43 301 0.54225
1 44 301 0.5457
1 45 301 0.5504
1 46 301 0.551025
1 47 301 0.5538
1 48 301 0.5519
1 49 301 0.55435
1 50 301 0.558775
1 51 301 0.560625
1 52 301 0.56365
1 53 301 0.564025
1 54 301 0.56625
1 55 301 0.570625
1 56 301 0.569675
1 57 301 0.5691
1 58 301 0.5722
1 59 301 0.5749
1 60 301 0.5753
1 61 301 0.576875
1 62 301 0.575425
1 63 301 0.57555
1 64 301 0.578025
1 65 301 0.578175
1 66 301 0.57715
1 67 301 0.57615
1 68 301 0.580475
1 69 301 0.576675
1 70 301 0.57735
1 71 301 0.57125
1 72 301 0.571925
1 73 301 0.572025
1 74 301 0.5773
1 75 301 0.57275
1 76 301 0.575925
1 77 301 0.5744
1 78 301 0.573725
1 79 301 0.577575
1 80 301 0.5756
1 81 301 0.5775
1 82 301 0.573475
1 83 301 0.57655
1 84 301 0.57705
1 85 301 0.57775
1 86 301 0.579925
1 87 301 0.5824
1 88 301 0.5795
1 89 301 0.579925
1 90 301 0.583825
1 91 301 0.582625
1 92 301 0.585775
1 93 301 0.583775
1 94 301 0.586025
1 95 301 0.586875
1 96 301 0.590925
1 97 301 0.5944
1 98 301 0.59385
1 99 301 0.588325
1 100 301 0.59575
1 101 301 0.59555
1 102 301 0.59725
1 103 301 0.59625
1 104 301 0.596475
1 105 301 0.597475
1 106 301 0.59345
1 107 301 0.599325
1 108 301 0.595025
1 109 301 0.598225
1 110 301 0.594
1 111 301 0.596125
1 112 301 0.59505
1 113 301 0.599025
1 114 301 0.5987
1 115 301 0.5973
1 116 301 0.590725
1 117 301 0.6003
1 118 301 0.59615
1 119 301 0.594325
1 120 301 0.589525
1 121 301 0.59385
1 122 301 0.59715
1 123 301 0.5948
1 124 301 0.594025
1 125 301 0.5951
1 126 301 0.596025
1 127 301 0.594525
1 128 301 0.59215
1 129 301 0.5989
1 130 301 0.59565
1 131 301 0.59925
1 132 301 0.5993
1 133 301 0.595925
1 134 301 0.600175
1 135 301 0.60275
1 136 301 0.600125
1 137 301 0.607925
1 138 301 0.603775
1 139 301 0.602775
1 140 301 0.608325
1 141 301 0.606325
1 142 301 0.60805
1 143 301 0.6072
1 144 301 0.602625
1 145 301 0.609275
1 146 301 0.60825
1 147 301 0.611925
1 148 301 0.613325
1 149 301 0.610025
1 150 301 0.6137
1 151 301 0.612925
1 152 301 0.611525
1 153 301 0.613125
1 154 301 0.6128
1 155 301 0.6142
1 156 301 0.60945
1 157 301 0.612825
1 158 301 0.6126
1 159 301 0.612475
1 160 301 0.6168
1 161 301 0.615525
1 162 301 0.611125
1 163 301 0.613
1 164 301 0.6143
1 165 301 0.615925
1 166 301 0.61325
1 167 301 0.61515
1 168 301 0.61625
1 169 301 0.612
1 170 301 0.61105
1 171 301 0.613075
1 172 301 0.61175
1 173 301 0.615575
1 174 301 0.616425
1 175 301 0.61315
1 176 301 0.61515
1 177 301 0.6147
1 178 301 0.613275
1 179 301 0.61365
1 180 301 0.616625
1 181 301 0.6124
1 182 301 0.614625
1 183 301 0.61895
1 184 301 0.617825
1 185 301 0.61825
1 186 301 0.620625
1 187 301 0.6134
1 188 301 0.618175
1 189 301 0.619775
1 190 301 0.616325
1 191 301 0.62005
1 192 301 0.6177
1 193 301 0.618275
1 194 301 0.6187
1 195 301 0.620675
1 196 301 0.621425
1 197 301 0.617575
1 198 301 0.622675
1 199 301 0.61865
1 200 301 0.622325
1 201 301 0.62435
1 202 301 0.62175
1 203 301 0.62315
1 204 301 0.6241
1 205 301 0.6253
1 206 301 0.62265
1 207 301 0.624425
1 208 301 0.624175
1 209 301 0.624425
1 210 301 0.623575
1 211 301 0.624175
1 212 301 0.624725
1 213 301 0.6227
1 214 301 0.626925
1 215 301 0.628425
1 216 301 0.625975
1 217 301 0.629275
1 218 301 0.62715
1 219 301 0.625275
1 220 301 0.62475
1 221 301 0.630175
1 222 301 0.624175
1 223 301 0.629775
1 224 301 0.62825
1 225 301 0.628975
1 226 301 0.6269
1 227 301 0.629175
1 228 301 0.631375
1 229 301 0.629375
1 230 301 0.633025
1 231 301 0.630275
1 232 301 0.6318
1 233 301 0.63285
1 234 301 0.631525
1 235 301 0.6327
1 236 301 0.629175
1 237 301 0.6334
1 238 301 0.632475
1 239 301 0.631475
1 240 301 0.633675
1 241 301 0.62955
1 242 301 0.6297
1 243 301 0.6296
1 244 301 0.63675
1 245 301 0.632425
1 246 301 0.631875
1 247 301 0.6325
1 248 301 0.630525
1 249 301 0.6325
1 250 301 0.6339
1 251 301 0.63105
1 252 301 0.634625
1 253 301 0.634125
1 254 301 0.633075
1 255 301 0.63055
1 256 301 0.63355
1 257 301 0.6316
1 258 301 0.634575
1 259 301 0.637675
1 260 301 0.638475
1 261 301 0.635125
1 262 301 0.635925
1 263 301 0.63805
1 264 301 0.6342
1 265 301 0.64135
1 266 301 0.6412
1 267 301 0.6372
1 268 301 0.641325
1 269 301 0.63885
1 270 301 0.6383
1 271 301 0.63595
1 272 301 0.640975
1 273 301 0.6429
1 274 301 0.6394
1 275 301 0.6402
1 276 301 0.641175
1 277 301 0.6438
1 278 301 0.6372
1 279 301 0.641175
1 280 301 0.638675
1 281 301 0.642075
1 282 301 0.642425
1 283 301 0.6381
1 284 301 0.6422
1 285 301 0.641525
1 286 301 0.640125
1 287 301 0.63945
1 288 301 0.63755
1 289 301 0.636125
1 290 301 0.644025
1 291 301 0.640075
1 292 301 0.642675
1 293 301 0.646275
1 294 301 0.64285
1 295 301 0.6471
1 296 301 0.643875
1 297 301 0.647525
1 298 301 0.646225
1 299 301 0.646075
1 300 301 0.650325
1 301 301 0.646775
1 302 301 0.648025
1 303 301 0.64745
1 304 301 0.652
1 305 301 0.6457
1 306 301 0.65265
1 307 301 0.6513
1 308 301 0.65305
1 309 301 0.64815
1 310 301 0.645925
1 311 301 0.646675
1 312 301 0.647525
1 313 301 0.650525
1 314 301 0.646275
1 315 301 0.6493
1 316 301 0.6526
1 317 301 0.646925
1 318 301 0.653825
1 319 301 0.647325
1 320 301 0.649825
1 321 301 0.651
1 322 301 0.65295
1 323 301 0.650775
1 324 301 0.6514
1 325 301 0.654675
1 326 301 0.64595
1 327 301 0.649225
1 328 301 0.648575
1 329 301 0.653075
1 330 301 0.65135
1 331 301 0.65275
1 332 301 0.648775
1 333 301 0.653225
1 334 301 0.65195
1 335 301 0.653075
1 336 301 0.6509
1 337 301 0.6583
1 338 301 0.65055
1 339 301 0.6561
1 340 301 0.651075
1 341 301 0.653625
1 342 301 0.65705
1 343 301 0.653275
1 344 301 0.658575
1 345 301 0.653225
1 346 301 0.6584
1 347 301 0.654725
1 348 301 0.65475
1 349 301 0.656
1 350 301 0.6573
1 351 301 0.65845
1 352 301 0.6544
1 353 301 0.658325
1 354 301 0.654275
1 355 301 0.656225
1 356 301 0.65575
1 357 301 0.660475
1 358 301 0.658125
1 359 301 0.656425
1 360 301 0.659825
1 361 301 0.654875
1 362 301 0.6574
1 363 301 0.65865
1 364 301 0.658225
1 365 301 0.6582
1 366 301 0.658225
1 367 301 0.6601
1 368 301 0.657575
1 369 301 0.658275
1 370 301 0.65715
1 371 301 0.66065
1 372 301 0.656875
1 373 301 0.660375
1 374 301 0.659025
1 375 301 0.659725
1 376 301 0.657875
1 377 301 0.656575
1 378 301 0.662175
1 379 301 0.6593
1 380 301 0.6607
1 381 301 0.65535
1 382 301 0.6574
1 383 301 0.661075
1 384 301 0.658875
1 385 301 0.6579
1 386 301 0.660125
1 387 301 0.659925
1 388 301 0.660275
1 389 301 0.66275
1 390 301 0.6596
1 391 301 0.6565
1 392 301 0.657775
1 393 301 0.6612
1 394 301 0.66385
1 395 301 0.6654
1 396 301 0.660075
1 397 301 0.662275
1 398 301 0.6626
1 399 301 0.66
1 400 301 0.663075
1 401 301 0.663575
1 402 301 0.661425
1 403 301 0.666
1 404 301 0.657125
1 405 301 0.6619
1 406 301 0.66095
1 407 301 0.66395
1 408 301 0.664825
1 409 301 0.663575
1 410 301 0.666075
1 411 301 0.661875
1 412 301 0.664275
1 413 301 0.661275
1 414 301 0.66135
1 415 301 0.66555
1 416 301 0.665525
1 417 301 0.663
1 418 301 0.66395
1 419 301 0.664275
1 420 301 0.66365
1 421 301 0.664675
1 422 301 0.66355
1 423 301 0.6654
1 424 301 0.664725
1 425 301 0.663825
1 426 301 0.6629
1 427 301 0.662325
1 428 301 0.662175
1 429 301 0.662675
1 430 301 0.6675
1 431 301 0.668225
1 432 301 0.66745
1 433 301 0.662375
1 434 301 0.66225
1 435 301 0.66825
1 436 301 0.667675
1 437 301 0.666625
1 438 301 0.6635
1 439 301 0.666075
1 440 301 0.6694
1 441 301 0.66625
1 442 301 0.665925
1 443 301 0.664
1 444 301 0.669275
1 445 301 0.667175
1 446 301 0.66575
1 447 301 0.6689
1 448 301 0.669775
1 449 301 0.664475
1 450 301 0.665225
1 451 301 0.66475
1 452 301 0.668225
1 453 301 0.66585
1 454 301 0.66595
1 455 301 0.668025
1 456 301 0.6672
1 457 301 0.66515
1 458 301 0.6647
1 459 301 0.667575
1 460 301 0.66715
1 461 301 0.665775
1 462 301 0.663975
1 463 301 0.67015
1 464 301 0.665925
1 465 301 0.66435
1 466 301 0.665975
1 467 301 0.66765
1 468 301 0.66465
1 469 301 0.66415
1 470 301 0.670725
1 471 301 0.6617
1 472 301 0.66715
1 473 301 0.66495
1 474 301 0.661475
1 475 301 0.66815
1 476 301 0.67185
1 477 301 0.66615
1 478 301 0.671025
1 479 301 0.6718
1 480 301 0.6636
1 481 301 0.665475
1 482 301 0.667275
1 483 301 0.6684
1 484 301 0.66385
1 485 301 0.6699
1 486 301 0.66615
1 487 301 0.66985
1 488 301 0.669325
1 489 301 0.670775
1 490 301 0.6685
1 491 301 0.670175
1 492 301 0.66845
1 493 301 0.666675
1 494 301 0.662825
1 495 301 0.6666
1 496 301 0.671175
1 497 301 0.67065
1 498 301 0.66815
1 499 301 0.666575
1 500 301 0.66795
1 501 301 0.670025
1 502 301 0.668575
1 503 301 0.67305
1 504 301 0.668325
1 505 301 0.666725
1 506 301 0.667675
1 507 301 0.66885
1 508 301 0.671475
1 509 301 0.6691
1 510 301 0.670125
1 511 301 0.668925
1 512 301 0.6699
1 513 301 0.6706
1 514 301 0.671075
1 515 301 0.6747
1 516 301 0.66785
1 517 301 0.666375
1 518 301 0.667675
1 519 301 0.672725
1 520 301 0.67045
1 521 301 0.66775
1 522 301 0.672525
1 523 301 0.6725
1 524 301 0.6753
1 525 301 0.6743
1 526 301 0.67245
1 527 301 0.6674
1 528 301 0.672625
1 529 301 0.6712
1 530 301 0.67155
1 531 301 0.672025
1 532 301 0.671975
1 533 301 0.673575
1 534 301 0.672475
1 535 301 0.67335
1 536 301 0.678425
1 537 301 0.676025
1 538 301 0.673425
1 539 301 0.67485
1 540 301 0.6775
1 541 301 0.6705
1 542 301 0.6722
1 543 301 0.670425
1 544 301 0.6759
1 545 301 0.67365
1 546 301 0.67465
1 547 301 0.673925
1 548 301 0.672725
1 549 301 0.677075
1 550 301 0.6675
1 551 301 0.6728
1 552 301 0.671425
1 553 301 0.672375
1 554 301 0.672275
1 555 301 0.672725
1 556 301 0.67945
1 557 301 0.670975
1 558 301 0.673925
1 559 301 0.67215
1 560 301 0.67505
1 561 301 0.67515
1 562 301 0.67275
1 563 301 0.674575
1 564 301 0.6753
1 565 301 0.673125
1 566 301 0.676625
1 567 301 0.67675
1 568 301 0.675825
1 569 301 0.67595
1 570 301 0.675225
1 571 301 0.676225
1 572 301 0.677775
1 573 301 0.67965
1 574 301 0.67835
1 575 301 0.68015
1 576 301 0.678625
1 577 301 0.6787
1 578 301 0.675375
1 579 301 0.680875
1 580 301 0.67465
1 581 301 0.68085
1 582 301 0.68005
1 583 301 0.677925
1 584 301 0.67585
1 585 301 0.6808
1 586 301 0.678425
1 587 301 0.6764
1 588 301 0.681175
1 589 301 0.677125
1 590 301 0.679475
1 591 301 0.68215
1 592 301 0.680975
1 593 301 0.678475
1 594 301 0.67845
1 595 301 0.679125
1 596 301 0.6823
1 597 301 0.681625
1 598 301 0.679925
1 599 301 0.6811
1 600 301 0.687725
1 601 301 0.678725
1 602 301 0.6821
1 603 301 0.682075
1 604 301 0.683325
1 605 301 0.68525
1 606 301 0.687175
1 607 301 0.682175
1 608 301 0.683475
1 609 301 0.682325
1 610 301 0.682275
1 611 301 0.682275
1 612 301 0.6827
1 613 301 0.6791
1 614 301 0.6837
1 615 301 0.682225
1 616 301 0.6863
1 617 301 0.686275
1 618 301 0.685975
1 619 301 0.679025
1 620 301 0.6858
1 621 301 0.6875
1 622 301 0.6818
1 623 301 0.682775
1 624 301 0.681975
1 625 301 0.68265
1 626 301 0.6793
1 627 301 0.685925
1 628 301 0.68255
1 629 301 0.6816
1 630 301 0.685425
1 631 301 0.68045
1 632 301 0.6863
1 633 301 0.678675
1 634 301 0.680725
1 635 301 0.68305
1 636 301 0.685375
1 637 301 0.6836
1 638 301 0.68485
1 639 301 0.683575
1 640 301 0.687025
1 641 301 0.681575
1 642 301 0.6847
1 643 301 0.678625
1 644 301 0.682975
1 645 301 0.68225
1 646 301 0.6825
1 647 301 0.68185
1 648 301 0.683525
1 649 301 0.68655
1 650 301 0.6867
1 651 301 0.682275
1 652 301 0.6813
1 653 301 0.686375
1 654 301 0.68485
1 655 301 0.686125
1 656 301 0.683175
1 657 301 0.6821
1 658 301 0.68365
1 659 301 0.67825
1 660 301 0.686475
1 661 301 0.683475
1 662 301 0.682075
1 663 301 0.681375
1 664 301 0.683625
1 665 301 0.682625
1 666 301 0.682325
1 667 301 0.6865
1 668 301 0.68245
1 669 301 0.683975
1 670 301 0.679475
1 671 301 0.684325
1 672 301 0.684525
1 673 301 0.68595
1 674 301 0.687675
1 675 301 0.68375
1 676 301 0.6844
1 677 301 0.683175
1 678 301 0.6824
1 679 301 0.6846
1 680 301 0.686175
1 681 301 0.68825
1 682 301 0.68435
1 683 301 0.683125
1 684 301 0.6854
1 685 301 0.685625
1 686 301 0.687375
1 687 301 0.683225
1 688 301 0.68745
1 689 301 0.681875
1 690 301 0.686975
1 691 301 0.689825
1 692 301 0.683925
1 693 301 0.68545
1 694 301 0.682875
1 695 301 0.6851
1 696 301 0.686125
1 697 301 0.687725
1 698 301 0.688375
1 699 301 0.68605
1 700 301 0.682625
1 701 301 0.683875
1 702 301 0.68015
1 703 301 0.68435
1 704 301 0.6881
1 705 301 0.68765
1 706 301 0.6872
1 707 301 0.685875
1 708 301 0.688675
1 709 301 0.6856
1 710 301 0.686875
1 711 301 0.688475
1 712 301 0.689375
1 713 301 0.68735
1 714 301 0.6874
1 715 301 0.687875
1 716 301 0.683075
1 717 301 0.6851
1 718 301 0.686
1 719 301 0.681325
1 720 301 0.68345
1 721 301 0.68575
1 722 301 0.6827
1 723 301 0.686025
1 724 301 0.68355
1 725 301 0.682125
1 726 301 0.682075
1 727 301 0.6846
1 728 301 0.6873
1 729 301 0.688525
1 730 301 0.68445
1 731 301 0.69215
1 732 301 0.685775
1 733 301 0.680825
1 734 301 0.684275
1 735 301 0.6827
1 736 301 0.6859
1 737 301 0.683325
1 738 301 0.6826
1 739 301 0.6841
1 740 301 0.689375
1 741 301 0.68495
1 742 301 0.6829
1 743 301 0.6872
1 744 301 0.6849
1 745 301 0.687825
1 746 301 0.686375
1 747 301 0.687525
1 748 301 0.6877
1 749 301 0.68465
1 750 301 0.683975
1 751 301 0.68545
1 752 301 0.688475
1 753 301 0.686175
1 754 301 0.6897
1 755 301 0.685675
1 756 301 0.685325
1 757 301 0.685525
1 758 301 0.6844
1 759 301 0.690575
1 760 301 0.686975
1 761 301 0.684375
1 762 301 0.68945
1 763 301 0.686825
1 764 301 0.6855
1 765 301 0.6897
1 766 301 0.684975
1 767 301 0.684925
1 768 301 0.686825
1 769 301 0.687725
1 770 301 0.68475
1 771 301 0.68875
1 772 301 0.684025
1 773 301 0.684775
1 774 301 0.686075
1 775 301 0.68605
1 776 301 0.687975
1 777 301 0.68655
1 778 301 0.690225
1 779 301 0.68455
1 780 301 0.68275
1 781 301 0.6871
1 782 301 0.686075
1 783 301 0.686325
1 784 301 0.686275
1 785 301 0.685025
1 786 301 0.68685
1 787 301 0.685325
1 788 301 0.68785
1 789 301 0.687425
1 790 301 0.68595
1 791 301 0.687225
1 792 301 0.6871
1 793 301 0.68595
1 794 301 0.685625
1 795 301 0.692275
1 796 301 0.68565
1 797 301 0.689175
1 798 301 0.68775
1 799 301 0.6854
1 800 301 0.68925
1 801 301 0.6849
1 802 301 0.688525
1 803 301 0.68645
1 804 301 0.687775
1 805 301 0.69075
1 806 301 0.684125
1 807 301 0.686375
1 808 301 0.691875
1 809 301 0.6871
1 810 301 0.689525
1 811 301 0.685
1 812 301 0.68575
1 813 301 0.687525
1 814 301 0.6844
1 815 301 0.690375
1 816 301 0.686825
1 817 301 0.689525
1 818 301 0.68755
1 819 301 0.68665
1 820 301 0.68715
1 821 301 0.6886
1 822 301 0.68725
1 823 301 0.686475
1 824 301 0.6887
1 825 301 0.681675
1 826 301 0.68335
1 827 301 0.6866
1 828 301 0.683575
1 829 301 0.68855
1 830 301 0.690175
1 831 301 0.686225
1 832 301 0.687075
1 833 301 0.6904
1 834 301 0.6885
1 835 301 0.68345
1 836 301 0.689225
1 837 301 0.688125
1 838 301 0.6894
1 839 301 0.685875
1 840 301 0.688
1 841 301 0.688725
1 842 301 0.690425
1 843 301 0.6902
1 844 301 0.68765
1 845 301 0.68385
1 846 301 0.688725
1 847 301 0.68885
1 848 301 0.6873
1 849 301 0.68655
1 850 301 0.687
1 851 301 0.685825
1 852 301 0.685175
1 853 301 0.689075
1 854 301 0.685725
1 855 301 0.687675
1 856 301 0.689425
1 857 301 0.689125
1 858 301 0.6828
1 859 301 0.691
1 860 301 0.6836
1 861 301 0.6865
1 862 301 0.689425
1 863 301 0.688725
1 864 301 0.68495
1 865 301 0.686525
1 866 301 0.689425
1 867 301 0.6848
1 868 301 0.6815
1 869 301 0.687625
1 870 301 0.685775
1 871 301 0.6878
1 872 301 0.690425
1 873 301 0.686
1 874 301 0.687475
1 875 301 0.683725
1 876 301 0.690425
1 877 301 0.6872
1 878 301 0.687225
1 879 301 0.688125
1 880 301 0.6879
1 881 301 0.686475
1 882 301 0.6872
1 883 301 0.686275
1 884 301 0.687925
1 885 301 0.690925
1 886 301 0.687625
1 887 301 0.690725
1 888 301 0.68765
1 889 301 0.687825
1 890 301 0.685725
1 891 301 0.689075
1 892 301 0.688975
1 893 301 0.681875
1 894 301 0.6892
1 895 301 0.6867
1 896 301 0.68615
1 897 301 0.69
1 898 301 0.684575
1 899 301 0.688725
1 900 301 0.692775
1 901 301 0.690275
1 902 301 0.69425
1 903 301 0.690775
1 904 301 0.687375
1 905 301 0.684325
1 906 301 0.68445
1 907 301 0.684225
1 908 301 0.687475
1 909 301 0.68925
1 910 301 0.68445
1 911 301 0.68735
1 912 301 0.690125
1 913 301 0.68695
1 914 301 0.685925
1 915 301 0.69155
1 916 301 0.69185
1 917 301 0.688525
1 918 301 0.68655
1 919 301 0.686575
1 920 301 0.686525
1 921 301 0.687325
1 922 301 0.68875
1 923 301 0.6858
1 924 301 0.687725
1 925 301 0.68265
1 926 301 0.68525
1 927 301 0.682875
1 928 301 0.6839
1 929 301 0.6853
1 930 301 0.6884
1 931 301 0.688775
1 932 301 0.689775
1 933 301 0.681375
1 934 301 0.686525
1 935 301 0.690425
1 936 301 0.685275
1 937 301 0.682725
1 938 301 0.68885
1 939 301 0.68445
1 940 301 0.683475
1 941 301 0.68825
1 942 301 0.685725
1 943 301 0.68705
1 944 301 0.689675
1 945 301 0.6881
1 946 301 0.68715
1 947 301 0.68465
1 948 301 0.6853
1 949 301 0.68515
1 950 301 0.687175
1 951 301 0.68275
1 952 301 0.68355
1 953 301 0.687
1 954 301 0.682925
1 955 301 0.68535
1 956 301 0.68535
1 957 301 0.68475
1 958 301 0.683825
1 959 301 0.683575
1 960 301 0.68815
1 961 301 0.684125
1 962 301 0.6885
1 963 301 0.685175
1 964 301 0.6882
1 965 301 0.685125
1 966 301 0.685775
1 967 301 0.6835
1 968 301 0.686075
1 969 301 0.6849
1 970 301 0.685825
1 971 301 0.68615
1 972 301 0.686225
1 973 301 0.688425
1 974 301 0.68355
1 975 301 0.685975
1 976 301 0.6845
1 977 301 0.684525
1 978 301 0.688225
1 979 301 0.685225
1 980 301 0.681425
1 981 301 0.68315
1 982 301 0.6856
1 983 301 0.684625
1 984 301 0.686125
1 985 301 0.6872
1 986 301 0.68785
1 987 301 0.682775
1 988 301 0.68065
1 989 301 0.6835
1 990 301 0.6862
1 991 301 0.681575
1 992 301 0.6796
1 993 301 0.685025
1 994 301 0.687475
1 995 301 0.683575
1 996 301 0.6833
1 997 301 0.685
1 998 301 0.683
1 999 301 0.6844
1 1000 301 0.6799
2 1 301 0.44225
2 2 301 0.4549
2 3 301 0.498475
2 4 301 0.53295
2 5 301 0.520375
2 6 301 0.529225
2 7 301 0.53125
2 8 301 0.524725
2 9 301 0.511725
2 10 301 0.522425
2 11 301 0.52035
2 12 301 0.5023
2 13 301 0.5002
2 14 301 0.499325
2 15 301 0.498825
2 16 301 0.506875
2 17 301 0.518425
2 18 301 0.523025
2 19 301 0.53005
2 20 301 0.535325
2 21 301 0.5385
2 22 301 0.54675
2 23 301 0.548625
2 24 301 0.554475
2 25 301 0.5512
2 26 301 0.552675
2 27 301 0.5604
2 28 301 0.557325
2 29 301 0.559725
2 30 301 0.547225
2 31 301 0.553525
2 32 301 0.54965
2 33 301 0.54185
2 34 301 0.543075
2 35 301 0.534625
2 36 301 0.533425
2 37 301 0.53495
2 38 301 0.536875
2 39 301 0.538975
2 40 301 0.545225
2 41 301 0.5447
2 42 301 0.54405
2 43 301 0.55005
2 44 301 0.548375
2 45 301 0.546375
2 46 301 0.548425
2 47 301 0.5476
2 48 301 0.553475
2 49 301 0.5585
2 50 301 0.55945
2 51 301 0.5569
2 52 301 0.565375
2 53 301 0.56735
2 54 301 0.565575
2 55 301 0.567475
2 56 301 0.5725
2 57 301 0.571525
2 58 301 0.574075
2 59 301 0.573825
2 60 301 0.575825
2 61 301 0.5772
2 62 301 0.57835
2 63 301 0.573725
2 64 301 0.5781
2 65 301 0.577575
2 66 301 0.575875
2 67 301 0.5773
2 68 301 0.573075
2 69 301 0.572425
2 70 301 0.5728
2 71 301 0.574025
2 72 301 0.573775
2 73 301 0.5733
2 74 301 0.5749
2 75 301 0.57665
2 76 301 0.572325
2 77 301 0.580075
2 78 301 0.5726
2 79 301 0.57205
2 80 301 0.578075
2 81 301 0.57305
2 82 301 0.576275
2 83 301 0.5767
2 84 301 0.5765
2 85 301 0.575625
2 86 301 0.58055
2 87 301 0.57755
2 88 301 0.5799
2 89 301 0.580675
2 90 301 0.5848
2 91 301 0.582125
2 92 301 0.5873
2 93 301 0.588575
2 94 301 0.590075
2 95 301 0.5913
2 96 301 0.58835
2 97 301 0.59555
2 98 301 0.596625
2 99 301 0.594375
2 100 301 0.595075
2 101 301 0.596325
2 102 301 0.594
2 103 301 0.597375
2 104 301 0.597075
2 105 301 0.5995
2 106 301 0.59535
2 107 301 0.596175
2 108 301 0.598375
2 109 301 0.596475
2 110 301 0.59395
2 111 301 0.59305
2 112 301 0.596425
2 113 301 0.59515
2 114 301 0.59575
2 115 301 0.59425
2 116 301 0.593825
2 117 301 0.590575
2 118 301 0.5958
2 119 301 0.593575
2 120 301 0.5934
2 121 301 0.59345
2 122 301 0.591925
2 123 301 0.591825
2 124 301 0.59495
2 125 301 0.59815
2 126 301 0.5898
2 127 301 0.5972
2 128 301 0.5942
2 129 301 0.593875
2 130 301 0.59405
2 131 301 0.59765
2 132 301 0.596125
2 133 301 0.59595
2 134 301 0.60085
2 135 301 0.598625
2 136 301 0.60025
2 137 301 0.602825
2 138 301 0.604125
2 139 301 0.6056
2 140 301 0.602875
2 141 301 0.604725
2 142 301 0.607
2 143 301 0.60535
2 144 301 0.6109
2 145 301 0.604025
2 146 301 0.607825
2 147 301 0.611375
2 148 301 0.61365
2 149 301 0.6178
2 150 301 0.61485
2 151 301 0.61375
2 152 301 0.61465
2 153 301 0.614
2 154 301 0.615225
2 155 301 0.61395
2 156 301 0.6148
2 157 301 0.612225
2 158 301 0.6121
2 159 301 0.61315
2 160 301 0.6122
2 161 301 0.619125
2 162 301 0.614375
2 163 301 0.61225
2 164 301 0.6138
2 165 301 0.614975
2 166 301 0.611025
2 167 301 0.614375
2 168 301 0.616725
2 169 301 0.61565
2 170 301 0.617225
2 171 301 0.61175
2 172 301 0.6165
2 173 301 0.612625
2 174 301 0.617
2 175 301 0.613375
2 176 301 0.616225
2 177 301 0.61595
2 178 301 0.6172
2 179 301 0.615525
2 180 301 0.616925
2 181 301 0.6162
2 182 301 0.613375
2 183 301 0.6173
2 184 301 0.620175
2 185 301 0.617
2 186 301 0.618475
2 187 301 0.616375
2 188 301 0.61805
2 189 301 0.618475
2 190 301 0.61895
2 191 301 0.6198
2 192 301 0.6229
2 193 301 0.617525
2 194 301 0.618325
2 195 301 0.62395
2 196 301 0.6207
2 197 301 0.6223
2 198 301 0.6213
2 199 301 0.6213
2 200 301 0.62145
2 201 301 0.625425
2 202 301 0.6243
2 203 301 0.6223
2 204 301 0.618925
2 205 301 0.622975
2 206 301 0.62285
2 207 301 0.62345
2 208 301 0.623275
2 209 301 0.626
2 210 301 0.62305
2 211 301 0.626925
2 212 301 0.625875
2 213 301 0.626725
2 214 301 0.628
2 215 301 0.62775
2 216 301 0.626275
2 217 301 0.625525
2 218 301 0.62645
2 219 301 0.629
2 220 301 0.63005
2 221 301 0.6312
2 222 301 0.62455
2 223 301 0.631875
2 224 301 0.62655
2 225 301 0.6289
2 226 301 0.62825
2 227 301 0.63125
2 228 301 0.628975
2 229 301 0.630025
2 230 301 0.631125
2 231 301 0.63145
2 232 301 0.628225
2 233 301 0.63035
2 234 301 0.631375
2 235 301 0.634775
2 236 301 0.6342
2 237 301 0.6334
2 238 301 0.629825
2 239 301 0.6303
2 240 301 0.630425
2 241 301 0.630925
2 242 301 0.631175
2 243 301 0.632825
2 244 301 0.6316
2 245 301 0.632775
2 246 301 0.6331
2 247 301 0.632725
2 248 301 0.632625
2 249 301 0.6298
2 250 301 0.632025
2 251 301 0.630725
2 252 301 0.63485
2 253 301 0.633125
2 254 301 0.633125
2 255 301 0.6357
2 256 301 0.6353
2 257 301 0.6352
2 258 301 0.631325
2 259 301 0.63665
2 260 301 0.637525
2 261 301 0.634575
2 262 301 0.634625
2 263 301 0.6327
2 264 301 0.635425
2 265 301 0.6367
2 266 301 0.6384
2 267 301 0.6381
2 268 301 0.6355
2 269 301 0.64135
2 270 301 0.64085
2 271 301 0.640125
2 272 301 0.6383
2 273 301 0.641325
2 274 301 0.638075
2 275 301 0.638225
2 276 301 0.6399
2 277 301 0.64385
2 278 301 0.6438
2 279 301 0.640575
2 280 301 0.640175
2 281 301 0.6394
2 282 301 0.642425
2 283 301 0.638725
2 284 301 0.643
2 285 301 0.642725
2 286 301 0.642325
2 287 301 0.6396
2 288 301 0.643775
2 289 301 0.640275
2 290 301 0.64105
2 291 301 0.644225
2 292 301 0.647925
2 293 301 0.642425
2 294 301 0.645525
2 295 301 0.65115
2 296 301 0.644025
2 297 301 0.640725
2 298 301 0.6471
2 299 301 0.64905
2 300 301 0.6469
2 301 301 0.647725
2 302 301 0.647225
2 303 301 0.649025
2 304 301 0.64805
2 305 301 0.6521
2 306 301 0.647775
2 307 301 0.65015
2 308 301 0.6494
2 309 301 0.65195
2 310 301 0.648325
2 311 301 0.652675
2 312 301 0.6477
2 313 301 0.64955
2 314 301 0.652675
2 315 301 0.648425
2 316 301 0.644925
2 317 301 0.6505
2 318 301 0.64665
2 319 301 0.65285
2 320 301 0.648825
2 321 301 0.64975
2 322 301 0.64745
2 323 301 0.65015
2 324 301 0.6511
2 325 301 0.65025
2 326 301 0.653325
2 327 301 0.649775
2 328 301 0.64995
2 329 301 0.649975
2 330 301 0.6529
2 331 301 0.654225
2 332 301 0.6474
2 333 301 0.654375
2 334 301 0.655275
2 335 301 0.6478
2 336 301 0.652225
2 337 301 0.650925
2 338 301 0.655925
2 339 301 0.651825
2 340 301 0.651825
2 341 301 0.6541
2 342 301 0.65445
2 343 301 0.65565
2 344 301 0.654775
2 345 301 0.653625
2 346 301 0.65675
2 347 301 0.6529
2 348 301 0.65615
2 349 301 0.656125
2 350 301 0.656325
2 351 301 0.655
2 352 301 0.65195
2 353 301 0.653575
2 354 301 0.651875
2 355 301 0.6549
2 356 301 0.6589
2 357 301 0.65645
2 358 301 0.652825
2 359 301 0.656425
2 360 301 0.6548
2 361 301 0.6581
2 362 301 0.6576
2 363 301 0.654225
2 364 301 0.658
2 365 301 0.6583
2 366 301 0.657675
2 367 301 0.657525
2 368 301 0.658775
2 369 301 0.656375
2 370 301 0.6584
2 371 301 0.652225
2 372 301 0.654775
2 373 301 0.6569
2 374 301 0.658625
2 375 301 0.662775
2 376 301 0.661725
2 377 301 0.6611
2 378 301 0.656625
2 379 301 0.6582
2 380 301 0.6583
2 381 301 0.66165
2 382 301 0.657725
2 383 301 0.6605
2 384 301 0.661275
2 385 301 0.661175
2 386 301 0.660925
2 387 301 0.656325
2 388 301 0.660325
2 389 301 0.658975
2 390 301 0.661575
2 391 301 0.664175
2 392 301 0.662975
2 393 301 0.6619
2 394 301 0.6614
2 395 301 0.66165
2 396 301 0.663675
2 397 301 0.6629
2 398 301 0.659675
2 399 301 0.66205
2 400 301 0.6626
2 401 301 0.662275
2 402 301 0.667025
2 403 301 0.6607
2 404 301 0.6635
2 405 301 0.66515
2 406 301 0.664925
2 407 301 0.664175
2 408 301 0.66395
2 409 301 0.661525
2 410 301 0.662625
2 411 301 0.66355
2 412 301 0.662975
2 413 301 0.664175
2 414 301 0.666725
2 415 301 0.664625
2 416 301 0.66245
2 417 301 0.6654
2 418 301 0.664925
2 419 301 0.666425
2 420 301 0.663475
2 421 301 0.6614
2 422 301 0.6659
2 423 301 0.66635
2 424 301 0.666325
2 425 301 0.664075
2 426 301 0.663225
2 427 301 0.66425
2 428 301 0.67155
2 429 301 0.66235
2 430 301 0.6586
2 431 301 0.665425
2 432 301 0.665625
2 433 301 0.6652
2 434 301 0.665575
2 435 301 0.66665
2 436 301 0.66465
2 437 301 0.6682
2 438 301 0.66455
2 439 301 0.664475
2 440 301 0.6658
2 441 301 0.6652
2 442 301 0.666925
2 443 301 0.66895
2 444 301 0.6673
2 445 301 0.66525
2 446 301 0.6645
2 447 301 0.6697
2 448 301 0.669375
2 449 301 0.668
2 450 301 0.667725
2 451 301 0.668375
2 452 301 0.668525
2 453 301 0.66935
2 454 301 0.67105
2 455 301 0.66985
2 456 301 0.6643
2 457 301 0.667875
2 458 301 0.6666
2 459 301 0.6712
2 460 301 0.666375
2 461 301 0.6692
2 462 301 0.666975
2 463 301 0.6679
2 464 301 0.6689
2 465 301 0.667425
2 466 301 0.669175
2 467 301 0.667075
2 468 301 0.66545
2 469 301 0.67165
2 470 301 0.666625
2 471 301 0.6679
2 472 301 0.665525
2 473 301 0.6718
2 474 301 0.668975
2 475 301 0.665925
2 476 301 0.6666
2 477 301 0.669325
2 478 301 0.665175
2 479 301 0.66725
2 480 301 0.665475
2 481 301 0.66575
2 482 301 0.667175
2 483 301 0.665975
2 484 301 0.669775
2 485 301 0.666275
2 486 301 0.66805
2 487 301 0.667875
2 488 301 0.6689
2 489 301 0.673
2 490 301 0.670625
2 491 301 0.66835
2 492 301 0.67105
2 493 301 0.66635
2 494 301 0.666825
2 495 301 0.67145
2 496 301 0.668475
2 497 301 0.66675
2 498 301 0.6677
2 499 301 0.665175
2 500 301 0.668025
2 501 301 0.668275
2 502 301 0.6675
2 503 301 0.6673
2 504 301 0.66855
2 505 301 0.667375
2 506 301 0.670175
2 507 301 0.668325
2 508 301 0.66665
2 509 301 0.66845
2 510 301 0.668825
2 511 301 0.669875
2 512 301 0.67015
2 513 301 0.6726
2 514 301 0.666625
2 515 301 0.669775
2 516 301 0.66875
2 517 301 0.668425
2 518 301 0.668025
2 519 301 0.669225
2 520 301 0.666025
2 521 301 0.668975
2 522 301 0.669225
2 523 301 0.668675
2 524 301 0.670125
2 525 301 0.670725
2 526 301 0.66945
2 527 301 0.674125
2 528 301 0.669375
2 529 301 0.670625
2 530 301 0.668475
2 531 301 0.6704
2 532 301 0.672025
2 533 301 0.671875
2 534 301 0.66965
2 535 301 0.6773
2 536 301 0.6735
2 537 301 0.668575
2 538 301 0.668125
2 539 301 0.668825
2 540 301 0.67365
2 541 301 0.670475
2 542 301 0.67265
2 543 301 0.672525
2 544 301 0.673875
2 545 301 0.6723
2 546 301 0.673125
2 547 301 0.6738
2 548 301 0.674625
2 549 301 0.6731
2 550 301 0.671825
2 551 301 0.678825
2 552 301 0.674375
2 553 301 0.673675
2 554 301 0.67115
2 555 301 0.671275
2 556 301 0.675725
2 557 301 0.67535
2 558 301 0.674525
2 559 301 0.674275
2 560 301 0.676625
2 561 301 0.67535
2 562 301 0.67455
2 563 301 0.674125
2 564 301 0.67605
2 565 301 0.672875
2 566 301 0.676225
2 567 301 0.6744
2 568 301 0.67825
2 569 301 0.678
2 570 301 0.678275
2 571 301 0.6754
2 572 301 0.6745
2 573 301 0.674475
2 574 301 0.67815
2 575 301 0.675875
2 576 301 0.680075
2 577 301 0.673475
2 578 301 0.674925
2 579 301 0.6783
2 580 301 0.67845
2 581 301 0.676025
2 582 301 0.6764
2 583 301 0.680225
2 584 301 0.6768
2 585 301 0.675075
2 586 301 0.67905
2 587 301 0.6828
2 588 301 0.682
2 589 301 0.6779
2 590 301 0.6806
2 591 301 0.67705
2 592 301 0.6782
2 593 301 0.67525
2 594 301 0.67755
2 595 301 0.68005
2 596 301 0.680875
2 597 301 0.682825
2 598 301 0.67725
2 599 301 0.68105
2 600 301 0.6825
2 601 301 0.681875
2 602 301 0.6855
2 603 301 0.683175
2 604 301 0.68405
2 605 301 0.681225
2 606 301 0.68485
2 607 301 0.681675
2 608 301 0.682
2 609 301 0.677425
2 610 301 0.68225
2 611 301 0.67965
2 612 301 0.6813
2 613 301 0.68095
2 614 301 0.680725
2 615 301 0.685625
2 616 301 0.680275
2 617 301 0.678075
2 618 301 0.683325
2 619 301 0.684475
2 620 301 0.6814
2 621 301 0.6823
2 622 301 0.683575
2 623 301 0.685175
2 624 301 0.684175
2 625 301 0.684575
2 626 301 0.6827
2 627 301 0.680375
2 628 301 0.685175
2 629 301 0.687375
2 630 301 0.684575
2 631 301 0.687575
2 632 301 0.682625
2 633 301 0.6849
2 634 301 0.68105
2 635 301 0.684475
2 636 301 0.685575
2 637 301 0.6858
2 638 301 0.686325
2 639 301 0.683
2 640 301 0.68765
2 641 301 0.68735
2 642 301 0.6884
2 643 301 0.68605
2 644 301 0.6821
2 645 301 0.6855
2 646 301 0.685825
2 647 301 0.686725
2 648 301 0.68235
2 649 301 0.68115
2 650 301 0.683525
2 651 301 0.68265
2 652 301 0.68295
2 653 301 0.684725
2 654 301 0.68215
2 655 301 0.686825
2 656 301 0.685125
2 657 301 0.682425
2 658 301 0.685175
2 659 301 0.6811
2 660 301 0.6838
2 661 301 0.68115
2 662 301 0.682
2 663 301 0.681925
2 664 301 0.683025
2 665 301 0.682025
2 666 301 0.681125
2 667 301 0.6833
2 668 301 0.685225
2 669 301 0.6824
2 670 301 0.685925
2 671 301 0.68485
2 672 301 0.68335
2 673 301 0.68655
2 674 301 0.681075
2 675 301 0.68215
2 676 301 0.6866
2 677 301 0.685675
2 678 301 0.68615
2 679 301 0.682975
2 680 301 0.6811
2 681 301 0.68575
2 682 301 0.687975
2 683 301 0.6799
2 684 301 0.684775
2 685 301 0.68275
2 686 301 0.68785
2 687 301 0.682375
2 688 301 0.6859
2 689 301 0.686575
2 690 301 0.682225
2 691 301 0.6836
2 692 301 0.680725
2 693 301 0.68395
2 694 301 0.684175
2 695 301 0.6893
2 696 301 0.6918
2 697 301 0.68215
2 698 301 0.682675
2 699 301 0.68385
2 700 301 0.683725
2 701 301 0.688975
2 702 301 0.685125
2 703 301 0.68405
2 704 301 0.68305
2 705 301 0.687325
2 706 301 0.683125
2 707 301 0.688075
2 708 301 0.68365
2 709 301 0.689825
2 710 301 0.686875
2 711 301 0.68485
2 712 301 0.687225
2 713 301 0.68435
2 714 301 0.687775
2 715 301 0.6869
2 716 301 0.6881
2 717 301 0.68625
2 718 301 0.687025
2 719 301 0.68775
2 720 301 0.686375
2 721 301 0.685175
2 722 301 0.685775
2 723 301 0.68615
2 724 301 0.6862
2 725 301 0.687775
2 726 301 0.687
2 727 301 0.685775
2 728 301 0.685375
2 729 301 0.68675
2 730 301 0.6848
2 731 301 0.68775
2 732 301 0.6871
2 733 301 0.686175
2 734 301 0.682825
2 735 301 0.681825
2 736 301 0.68615
2 737 301 0.688375
2 738 301 0.68365
2 739 301 0.68485
2 740 301 0.685575
2 741 301 0.686175
2 742 301 0.6844
2 743 301 0.682675
2 744 301 0.68555
2 745 301 0.6881
2 746 301 0.687275
2 747 301 0.683925
2 748 301 0.68775
2 749 301 0.68485
2 750 301 0.68845
2 751 301 0.6894
2 752 301 0.686625
2 753 301 0.68805
2 754 301 0.688475
2 755 301 0.681875
2 756 301 0.6871
2 757 301 0.68605
2 758 301 0.69025
2 759 301 0.6872
2 760 301 0.687125
2 761 301 0.687725
2 762 301 0.68875
2 763 301 0.687075
2 764 301 0.6842
2 765 301 0.6841
2 766 301 0.686325
2 767 301 0.6905
2 768 301 0.687025
2 769 301 0.68575
2 770 301 0.68245
2 771 301 0.685275
2 772 301 0.686175
2 773 301 0.687025
2 774 301 0.688075
2 775 301 0.6896
2 776 301 0.6851
2 777 301 0.685175
2 778 301 0.68935
2 779 301 0.689575
2 780 301 0.68675
2 781 301 0.683675
2 782 301 0.6827
2 783 301 0.68625
2 784 301 0.6902
2 785 301 0.683375
2 786 301 0.68735
2 787 301 0.6875
2 788 301 0.685925
2 789 301 0.685675
2 790 301 0.685425
2 791 301 0.690125
2 792 301 0.68765
2 793 301 0.69095
2 794 301 0.686775
2 795 301 0.68715
2 796 301 0.68285
2 797 301 0.68815
2 798 301 0.686075
2 799 301 0.69045
2 800 301 0.685475
2 801 301 0.690925
2 802 301 0.684075
2 803 301 0.68785
2 804 301 0.68675
2 805 301 0.68425
2 806 301 0.68685
2 807 301 0.6896
2 808 301 0.688025
2 809 301 0.687375
2 810 301 0.68495
2 811 301 0.683675
2 812 301 0.688775
2 813 301 0.685075
2 814 301 0.68825
2 815 301 0.689225
2 816 301 0.6818
2 817 301 0.689725
2 818 301 0.688125
2 819 301 0.6912
2 820 301 0.685575
2 821 301 0.69
2 822 301 0.6888
2 823 301 0.689025
2 824 301 0.688225
2 825 301 0.688675
2 826 301 0.688425
2 827 301 0.6894
2 828 301 0.687475
2 829 301 0.684375
2 830 301 0.688275
2 831 301 0.68515
2 832 301 0.687525
2 833 301 0.685175
2 834 301 0.688475
2 835 301 0.6889
2 836 301 0.68475
2 837 301 0.6867
2 838 301 0.687525
2 839 301 0.68845
2 840 301 0.688275
2 841 301 0.689275
2 842 301 0.685325
2 843 301 0.68505
2 844 301 0.6907
2 845 301 0.68695
2 846 301 0.685225
2 847 301 0.68905
2 848 301 0.688125
2 849 301 0.6877
2 850 301 0.68845
2 851 301 0.69065
2 852 301 0.689525
2 853 301 0.689625
2 854 301 0.68905
2 855 301 0.6896
2 856 301 0.6869
2 857 301 0.686725
2 858 301 0.686425
2 859 301 0.685125
2 860 301 0.689375
2 861 301 0.6853
2 862 301 0.685825
2 863 301 0.68815
2 864 301 0.68775
2 865 301 0.686
2 866 301 0.688575
2 867 301 0.689
2 868 301 0.6923
2 869 301 0.6889
2 870 301 0.6894
2 871 301 0.692125
2 872 301 0.6887
2 873 301 0.69315
2 874 301 0.691725
2 875 301 0.6873
2 876 301 0.683575
2 877 301 0.6886
2 878 301 0.682225
2 879 301 0.687525
2 880 301 0.686275
2 881 301 0.68425
2 882 301 0.692675
2 883 301 0.68745
2 884 301 0.6836
2 885 301 0.686825
2 886 301 0.686375
2 887 301 0.68675
2 888 301 0.6868
2 889 301 0.687725
2 890 301 0.687975
2 891 301 0.687175
2 892 301 0.685725
2 893 301 0.6855
2 894 301 0.68985
2 895 301 0.687525
2 896 301 0.68305
2 897 301 0.686375
2 898 301 0.687
2 899 301 0.6844
2 900 301 0.6891
2 901 301 0.689925
2 902 301 0.68825
2 903 301 0.683575
2 904 301 0.6858
2 905 301 0.686575
2 906 301 0.68705
2 907 301 0.687125
2 908 301 0.689575
2 909 301 0.688675
2 910 301 0.688525
2 911 301 0.6886
2 912 301 0.68865
2 913 301 0.687
2 914 301 0.6869
2 915 301 0.6849
2 916 301 0.68715
2 917 301 0.689375
2 918 301 0.687075
2 919 301 0.688375
2 920 301 0.683
2 921 301 0.68615
2 922 301 0.685125
2 923 301 0.685425
2 924 301 0.68545
2 925 301 0.6812
2 926 301 0.688025
2 927 301 0.680475
2 928 301 0.687325
2 929 301 0.681475
2 930 301 0.6884
2 931 301 0.686725
2 932 301 0.684225
2 933 301 0.6863
2 934 301 0.681475
2 935 301 0.6843
2 936 301 0.68815
2 937 301 0.684525
2 938 301 0.687825
2 939 301 0.681475
2 940 301 0.67875
2 941 301 0.6834
2 942 301 0.6851
2 943 301 0.68575
2 944 301 0.6827
2 945 301 0.6844
2 946 301 0.68385
2 947 301 0.6862
2 948 301 0.680475
2 949 301 0.6805
2 950 301 0.6827
2 951 301 0.682775
2 952 301 0.683825
2 953 301 0.6866
2 954 301 0.68465
2 955 301 0.6872
2 956 301 0.68335
2 957 301 0.684575
2 958 301 0.6828
2 959 301 0.68605
2 960 301 0.685425
2 961 301 0.68305
2 962 301 0.679825
2 963 301 0.6853
2 964 301 0.68455
2 965 301 0.685375
2 966 301 0.6881
2 967 301 0.6871
2 968 301 0.687875
2 969 301 0.6822
2 970 301 0.68285
2 971 301 0.68505
2 972 301 0.682875
2 973 301 0.68085
2 974 301 0.682775
2 975 301 0.688825
2 976 301 0.689175
2 977 301 0.68385
2 978 301 0.68575
2 979 301 0.6834
2 980 301 0.68295
2 981 301 0.679075
2 982 301 0.686625
2 983 301 0.68785
2 984 301 0.6805
2 985 301 0.68565
2 986 301 0.68145
2 987 301 0.680825
2 988 301 0.687075
2 989 301 0.687675
2 990 301 0.682975
2 991 301 0.6803
2 992 301 0.68325
2 993 301 0.6828
2 994 301 0.685975
2 995 301 0.686125
2 996 301 0.684375
2 997 301 0.6822
2 998 301 0.683125
2 999 301 0.68545
2 1000 301 0.677875
