1 1 401 0.427615
1 2 401 0.418575
1 3 401 0.48065
1 4 401 0.531775
1 5 401 0.52105
1 6 401 0.521075
1 7 401 0.5346
1 8 401 0.531325
1 9 401 0.5172
1 10 401 0.5252
1 11 401 0.517125
1 12 401 0.5043
1 13 401 0.4914
1 14 401 0.499925
1 15 401 0.501925
1 16 401 0.5103
1 17 401 0.517875
1 18 401 0.52565
1 19 401 0.532325
1 20 401 0.53885
1 21 401 0.5417
1 22 401 0.548025
1 23 401 0.5505
1 24 401 0.55355
1 25 401 0.561025
1 26 401 0.559125
1 27 401 0.559375
1 28 401 0.557125
1 29 401 0.56025
1 30 401 0.552575
1 31 401 0.5481
1 32 401 0.543125
1 33 401 0.540975
1 34 401 0.5376
1 35 401 0.53675
1 36 401 0.53825
1 37 401 0.538375
1 38 401 0.5379
1 39 401 0.544925
1 40 401 0.5502
1 41 401 0.5446
1 42 401 0.5449
1 43 401 0.55075
1 44 401 0.547475
1 45 401 0.5508
1 46 401 0.5519
1 47 401 0.553475
1 48 401 0.553675
1 49 401 0.557925
1 50 401 0.557175
1 51 401 0.560175
1 52 401 0.5641
1 53 401 0.56705
1 54 401 0.565975
1 55 401 0.572875
1 56 401 0.56955
1 57 401 0.575375
1 58 401 0.577925
1 59 401 0.577975
1 60 401 0.57435
1 61 401 0.577875
1 62 401 0.5771
1 63 401 0.576
1 64 401 0.581075
1 65 401 0.584775
1 66 401 0.576125
1 67 401 0.57895
1 68 401 0.5825
1 69 401 0.57945
1 70 401 0.577975
1 71 401 0.581925
1 72 401 0.5744
1 73 401 0.576
1 74 401 0.57075
1 75 401 0.575775
1 76 401 0.5787
1 77 401 0.576925
1 78 401 0.577275
1 79 401 0.578725
1 80 401 0.578525
1 81 401 0.57245
1 82 401 0.57925
1 83 401 0.5782
1 84 401 0.5806
1 85 401 0.5771
1 86 401 0.5843
1 87 401 0.58045
1 88 401 0.583325
1 89 401 0.5831
1 90 401 0.584025
1 91 401 0.5865
1 92 401 0.58705
1 93 401 0.588775
1 94 401 0.590775
1 95 401 0.592125
1 96 401 0.593625
1 97 401 0.5954
1 98 401 0.59735
1 99 401 0.600625
1 100 401 0.6007
1 101 401 0.60135
1 102 401 0.60145
1 103 401 0.602525
1 104 401 0.601975
1 105 401 0.602125
1 106 401 0.600375
1 107 401 0.598975
1 108 401 0.604325
1 109 401 0.60525
1 110 401 0.59965
1 111 401 0.6004
1 112 401 0.601675
1 113 401 0.59625
1 114 401 0.598325
1 115 401 0.5967
1 116 401 0.599975
1 117 401 0.598
1 118 401 0.596825
1 119 401 0.5965
1 120 401 0.5963
1 121 401 0.5978
1 122 401 0.59665
1 123 401 0.59525
1 124 401 0.60085
1 125 401 0.59955
1 126 401 0.601975
1 127 401 0.60125
1 128 401 0.602575
1 129 401 0.601525
1 130 401 0.604725
1 131 401 0.60125
1 132 401 0.602775
1 133 401 0.60205
1 134 401 0.604725
1 135 401 0.609875
1 136 401 0.602675
1 137 401 0.60445
1 138 401 0.6067
1 139 401 0.6068
1 140 401 0.61035
1 141 401 0.60945
1 142 401 0.611225
1 143 401 0.611125
1 144 401 0.61175
1 145 401 0.610325
1 146 401 0.616425
1 147 401 0.6107
1 148 401 0.6159
1 149 401 0.61065
1 150 401 0.6147
1 151 401 0.614475
1 152 401 0.613075
1 153 401 0.616625
1 154 401 0.61645
1 155 401 0.6119
1 156 401 0.61555
1 157 401 0.61555
1 158 401 0.6158
1 159 401 0.6216
1 160 401 0.621675
1 161 401 0.616125
1 162 401 0.614725
1 163 401 0.6178
1 164 401 0.61855
1 165 401 0.6172
1 166 401 0.61775
1 167 401 0.620125
1 168 401 0.61935
1 169 401 0.617825
1 170 401 0.6164
1 171 401 0.622425
1 172 401 0.618475
1 173 401 0.615325
1 174 401 0.6163
1 175 401 0.617875
1 176 401 0.6231
1 177 401 0.62155
1 178 401 0.61635
1 179 401 0.6204
1 180 401 0.618775
1 181 401 0.615975
1 182 401 0.6211
1 183 401 0.619975
1 184 401 0.622075
1 185 401 0.61975
1 186 401 0.620675
1 187 401 0.6235
1 188 401 0.62195
1 189 401 0.622075
1 190 401 0.624125
1 191 401 0.626525
1 192 401 0.62005
1 193 401 0.62765
1 194 401 0.626225
1 195 401 0.625125
1 196 401 0.627325
1 197 401 0.626075
1 198 401 0.62825
1 199 401 0.62685
1 200 401 0.62625
1 201 401 0.630925
1 202 401 0.626725
1 203 401 0.6299
1 204 401 0.6311
1 205 401 0.626625
1 206 401 0.632975
1 207 401 0.6289
1 208 401 0.63295
1 209 401 0.634575
1 210 401 0.6331
1 211 401 0.634175
1 212 401 0.631
1 213 401 0.63335
1 214 401 0.6372
1 215 401 0.632
1 216 401 0.632975
1 217 401 0.63425
1 218 401 0.63325
1 219 401 0.63385
1 220 401 0.63025
1 221 401 0.63625
1 222 401 0.6357
1 223 401 0.635725
1 224 401 0.63435
1 225 401 0.638925
1 226 401 0.63435
1 227 401 0.6377
1 228 401 0.63625
1 229 401 0.632475
1 230 401 0.6341
1 231 401 0.633375
1 232 401 0.63675
1 233 401 0.637725
1 234 401 0.636125
1 235 401 0.635525
1 236 401 0.63745
1 237 401 0.6335
1 238 401 0.6357
1 239 401 0.63605
1 240 401 0.633775
1 241 401 0.639575
1 242 401 0.637425
1 243 401 0.641
1 244 401 0.63685
1 245 401 0.637975
1 246 401 0.6357
1 247 401 0.6385
1 248 401 0.6349
1 249 401 0.635775
1 250 401 0.6417
1 251 401 0.6373
1 252 401 0.639775
1 253 401 0.635175
1 254 401 0.63915
1 255 401 0.641525
1 256 401 0.64385
1 257 401 0.641125
1 258 401 0.6405
1 259 401 0.6374
1 260 401 0.641225
1 261 401 0.639775
1 262 401 0.642125
1 263 401 0.642125
1 264 401 0.63955
1 265 401 0.639025
1 266 401 0.641825
1 267 401 0.638825
1 268 401 0.642075
1 269 401 0.642325
1 270 401 0.643625
1 271 401 0.641625
1 272 401 0.644375
1 273 401 0.644675
1 274 401 0.6408
1 275 401 0.643675
1 276 401 0.644775
1 277 401 0.6407
1 278 401 0.64225
1 279 401 0.64095
1 280 401 0.6455
1 281 401 0.64465
1 282 401 0.6473
1 283 401 0.6472
1 284 401 0.644375
1 285 401 0.6455
1 286 401 0.6433
1 287 401 0.647125
1 288 401 0.646425
1 289 401 0.650725
1 290 401 0.64195
1 291 401 0.6483
1 292 401 0.6455
1 293 401 0.646475
1 294 401 0.6498
1 295 401 0.644125
1 296 401 0.646525
1 297 401 0.6501
1 298 401 0.647075
1 299 401 0.6487
1 300 401 0.6479
1 301 401 0.6499
1 302 401 0.647475
1 303 401 0.6489
1 304 401 0.6505
1 305 401 0.6503
1 306 401 0.6476
1 307 401 0.648575
1 308 401 0.65225
1 309 401 0.647425
1 310 401 0.6479
1 311 401 0.64965
1 312 401 0.6505
1 313 401 0.6514
1 314 401 0.656625
1 315 401 0.6486
1 316 401 0.650825
1 317 401 0.653825
1 318 401 0.652075
1 319 401 0.65055
1 320 401 0.655775
1 321 401 0.6549
1 322 401 0.64945
1 323 401 0.650775
1 324 401 0.651
1 325 401 0.6517
1 326 401 0.65395
1 327 401 0.654275
1 328 401 0.65455
1 329 401 0.65535
1 330 401 0.652225
1 331 401 0.6531
1 332 401 0.653575
1 333 401 0.654125
1 334 401 0.65175
1 335 401 0.6564
1 336 401 0.654125
1 337 401 0.653925
1 338 401 0.65605
1 339 401 0.654625
1 340 401 0.657925
1 341 401 0.657975
1 342 401 0.654925
1 343 401 0.65595
1 344 401 0.656175
1 345 401 0.65495
1 346 401 0.659875
1 347 401 0.65665
1 348 401 0.65655
1 349 401 0.65895
1 350 401 0.65945
1 351 401 0.65725
1 352 401 0.656725
1 353 401 0.658375
1 354 401 0.656175
1 355 401 0.659075
1 356 401 0.66
1 357 401 0.662175
1 358 401 0.659175
1 359 401 0.6605
1 360 401 0.6579
1 361 401 0.660475
1 362 401 0.6575
1 363 401 0.659175
1 364 401 0.658225
1 365 401 0.66125
1 366 401 0.6619
1 367 401 0.66045
1 368 401 0.65875
1 369 401 0.664025
1 370 401 0.661025
1 371 401 0.660725
1 372 401 0.660525
1 373 401 0.665175
1 374 401 0.663175
1 375 401 0.664775
1 376 401 0.664075
1 377 401 0.665125
1 378 401 0.663175
1 379 401 0.6658
1 380 401 0.663975
1 381 401 0.6625
1 382 401 0.66525
1 383 401 0.6637
1 384 401 0.6649
1 385 401 0.6668
1 386 401 0.6637
1 387 401 0.6622
1 388 401 0.66195
1 389 401 0.661475
1 390 401 0.668175
1 391 401 0.6646
1 392 401 0.666425
1 393 401 0.67095
1 394 401 0.67085
1 395 401 0.665425
1 396 401 0.672325
1 397 401 0.670225
1 398 401 0.665375
1 399 401 0.671875
1 400 401 0.667525
1 401 401 0.672575
1 402 401 0.66855
1 403 401 0.670225
1 404 401 0.671875
1 405 401 0.672
1 406 401 0.6749
1 407 401 0.66715
1 408 401 0.6673
1 409 401 0.668775
1 410 401 0.67035
1 411 401 0.6711
1 412 401 0.668675
1 413 401 0.6722
1 414 401 0.67695
1 415 401 0.666475
1 416 401 0.6706
1 417 401 0.67075
1 418 401 0.6706
1 419 401 0.67045
1 420 401 0.6672
1 421 401 0.668675
1 422 401 0.67275
1 423 401 0.66885
1 424 401 0.66815
1 425 401 0.6704
1 426 401 0.673325
1 427 401 0.669825
1 428 401 0.673425
1 429 401 0.670875
1 430 401 0.670425
1 431 401 0.664975
1 432 401 0.671425
1 433 401 0.673125
1 434 401 0.6713
1 435 401 0.670025
1 436 401 0.67325
1 437 401 0.666375
1 438 401 0.6712
1 439 401 0.669175
1 440 401 0.667725
1 441 401 0.671225
1 442 401 0.6716
1 443 401 0.6668
1 444 401 0.6706
1 445 401 0.670825
1 446 401 0.670425
1 447 401 0.671525
1 448 401 0.673525
1 449 401 0.67245
1 450 401 0.67395
1 451 401 0.669025
1 452 401 0.673675
1 453 401 0.6718
1 454 401 0.671525
1 455 401 0.67275
1 456 401 0.67185
1 457 401 0.6738
1 458 401 0.676525
1 459 401 0.6736
1 460 401 0.67065
1 461 401 0.6718
1 462 401 0.6703
1 463 401 0.6707
1 464 401 0.668075
1 465 401 0.673975
1 466 401 0.672325
1 467 401 0.67305
1 468 401 0.670575
1 469 401 0.6734
1 470 401 0.6728
1 471 401 0.6729
1 472 401 0.675175
1 473 401 0.6746
1 474 401 0.6726
1 475 401 0.6741
1 476 401 0.67395
1 477 401 0.67005
1 478 401 0.67365
1 479 401 0.67045
1 480 401 0.674625
1 481 401 0.671275
1 482 401 0.6756
1 483 401 0.6744
1 484 401 0.673
1 485 401 0.67195
1 486 401 0.67245
1 487 401 0.67035
1 488 401 0.675475
1 489 401 0.674225
1 490 401 0.67255
1 491 401 0.6721
1 492 401 0.674075
1 493 401 0.672575
1 494 401 0.6721
1 495 401 0.6717
1 496 401 0.672525
1 497 401 0.671025
1 498 401 0.6768
1 499 401 0.671525
1 500 401 0.6726
1 501 401 0.6719
1 502 401 0.6742
1 503 401 0.673575
1 504 401 0.67245
1 505 401 0.673925
1 506 401 0.67325
1 507 401 0.6723
1 508 401 0.6713
1 509 401 0.674225
1 510 401 0.67335
1 511 401 0.67285
1 512 401 0.67225
1 513 401 0.673025
1 514 401 0.673325
1 515 401 0.676275
1 516 401 0.67145
1 517 401 0.677475
1 518 401 0.671075
1 519 401 0.675425
1 520 401 0.673275
1 521 401 0.674475
1 522 401 0.675425
1 523 401 0.672175
1 524 401 0.674375
1 525 401 0.6719
1 526 401 0.678475
1 527 401 0.676075
1 528 401 0.67575
1 529 401 0.67715
1 530 401 0.671225
1 531 401 0.678725
1 532 401 0.679525
1 533 401 0.6802
1 534 401 0.677625
1 535 401 0.678175
1 536 401 0.67575
1 537 401 0.67955
1 538 401 0.67755
1 539 401 0.677825
1 540 401 0.67965
1 541 401 0.6779
1 542 401 0.6778
1 543 401 0.680225
1 544 401 0.6767
1 545 401 0.67965
1 546 401 0.67495
1 547 401 0.677025
1 548 401 0.68035
1 549 401 0.678625
1 550 401 0.67595
1 551 401 0.67755
1 552 401 0.681675
1 553 401 0.680775
1 554 401 0.682075
1 555 401 0.680775
1 556 401 0.6817
1 557 401 0.680475
1 558 401 0.681
1 559 401 0.680075
1 560 401 0.678825
1 561 401 0.6795
1 562 401 0.67885
1 563 401 0.682675
1 564 401 0.6818
1 565 401 0.680175
1 566 401 0.67915
1 567 401 0.678175
1 568 401 0.682525
1 569 401 0.682125
1 570 401 0.678725
1 571 401 0.679225
1 572 401 0.6822
1 573 401 0.683425
1 574 401 0.680825
1 575 401 0.68285
1 576 401 0.682
1 577 401 0.68215
1 578 401 0.6811
1 579 401 0.6827
1 580 401 0.6825
1 581 401 0.681375
1 582 401 0.6819
1 583 401 0.6776
1 584 401 0.678075
1 585 401 0.6837
1 586 401 0.684975
1 587 401 0.68065
1 588 401 0.68485
1 589 401 0.684
1 590 401 0.6818
1 591 401 0.6838
1 592 401 0.68475
1 593 401 0.680475
1 594 401 0.686025
1 595 401 0.68435
1 596 401 0.682975
1 597 401 0.68225
1 598 401 0.684925
1 599 401 0.688675
1 600 401 0.681675
1 601 401 0.686275
1 602 401 0.685075
1 603 401 0.686325
1 604 401 0.689
1 605 401 0.68235
1 606 401 0.685775
1 607 401 0.684625
1 608 401 0.686925
1 609 401 0.682825
1 610 401 0.6869
1 611 401 0.68275
1 612 401 0.68685
1 613 401 0.68495
1 614 401 0.684275
1 615 401 0.683675
1 616 401 0.68455
1 617 401 0.686625
1 618 401 0.684775
1 619 401 0.684175
1 620 401 0.686775
1 621 401 0.6867
1 622 401 0.689075
1 623 401 0.688475
1 624 401 0.686475
1 625 401 0.684925
1 626 401 0.689025
1 627 401 0.686725
1 628 401 0.683325
1 629 401 0.689
1 630 401 0.6898
1 631 401 0.686325
1 632 401 0.688425
1 633 401 0.68335
1 634 401 0.687625
1 635 401 0.68765
1 636 401 0.688225
1 637 401 0.68535
1 638 401 0.685525
1 639 401 0.6889
1 640 401 0.691175
1 641 401 0.6893
1 642 401 0.690025
1 643 401 0.689
1 644 401 0.688475
1 645 401 0.68795
1 646 401 0.691075
1 647 401 0.691525
1 648 401 0.6873
1 649 401 0.6884
1 650 401 0.6926
1 651 401 0.68855
1 652 401 0.69175
1 653 401 0.690575
1 654 401 0.68905
1 655 401 0.6926
1 656 401 0.690725
1 657 401 0.689875
1 658 401 0.6912
1 659 401 0.692575
1 660 401 0.690325
1 661 401 0.69025
1 662 401 0.68985
1 663 401 0.689225
1 664 401 0.689325
1 665 401 0.68895
1 666 401 0.689775
1 667 401 0.692375
1 668 401 0.68725
1 669 401 0.690825
1 670 401 0.686725
1 671 401 0.6916
1 672 401 0.688525
1 673 401 0.687425
1 674 401 0.69105
1 675 401 0.692625
1 676 401 0.692075
1 677 401 0.694425
1 678 401 0.6923
1 679 401 0.6892
1 680 401 0.691125
1 681 401 0.691575
1 682 401 0.691625
1 683 401 0.692275
1 684 401 0.69435
1 685 401 0.694375
1 686 401 0.692325
1 687 401 0.692725
1 688 401 0.70035
1 689 401 0.696525
1 690 401 0.6942
1 691 401 0.696925
1 692 401 0.692675
1 693 401 0.693725
1 694 401 0.6946
1 695 401 0.6963
1 696 401 0.6932
1 697 401 0.6917
1 698 401 0.696225
1 699 401 0.698175
1 700 401 0.691325
1 701 401 0.69445
1 702 401 0.696375
1 703 401 0.6956
1 704 401 0.696275
1 705 401 0.7003
1 706 401 0.696575
1 707 401 0.6937
1 708 401 0.6918
1 709 401 0.6923
1 710 401 0.693725
1 711 401 0.694625
1 712 401 0.698225
1 713 401 0.69715
1 714 401 0.69525
1 715 401 0.697675
1 716 401 0.6952
1 717 401 0.69665
1 718 401 0.6981
1 719 401 0.6988
1 720 401 0.697575
1 721 401 0.698175
1 722 401 0.695325
1 723 401 0.6956
1 724 401 0.69915
1 725 401 0.7013
1 726 401 0.698025
1 727 401 0.6956
1 728 401 0.69975
1 729 401 0.7008
1 730 401 0.6967
1 731 401 0.696275
1 732 401 0.697625
1 733 401 0.701175
1 734 401 0.700025
1 735 401 0.698125
1 736 401 0.700425
1 737 401 0.700325
1 738 401 0.69795
1 739 401 0.704175
1 740 401 0.69895
1 741 401 0.70235
1 742 401 0.6983
1 743 401 0.69995
1 744 401 0.69925
1 745 401 0.70235
1 746 401 0.702075
1 747 401 0.701175
1 748 401 0.699025
1 749 401 0.6964
1 750 401 0.6999
1 751 401 0.700375
1 752 401 0.704
1 753 401 0.699875
1 754 401 0.699875
1 755 401 0.70175
1 756 401 0.699525
1 757 401 0.701875
1 758 401 0.700975
1 759 401 0.70145
1 760 401 0.70135
1 761 401 0.6991
1 762 401 0.702575
1 763 401 0.701325
1 764 401 0.70435
1 765 401 0.703525
1 766 401 0.70145
1 767 401 0.702525
1 768 401 0.702725
1 769 401 0.70285
1 770 401 0.701625
1 771 401 0.706425
1 772 401 0.7026
1 773 401 0.70485
1 774 401 0.707375
1 775 401 0.7063
1 776 401 0.7065
1 777 401 0.702625
1 778 401 0.7061
1 779 401 0.70685
1 780 401 0.707325
1 781 401 0.707275
1 782 401 0.70765
1 783 401 0.706475
1 784 401 0.7029
1 785 401 0.7074
1 786 401 0.7074
1 787 401 0.7053
1 788 401 0.7065
1 789 401 0.7049
1 790 401 0.70625
1 791 401 0.710075
1 792 401 0.7037
1 793 401 0.707025
1 794 401 0.705775
1 795 401 0.709475
1 796 401 0.708
1 797 401 0.7092
1 798 401 0.7099
1 799 401 0.712
1 800 401 0.706275
1 801 401 0.7099
1 802 401 0.705525
1 803 401 0.708825
1 804 401 0.709175
1 805 401 0.709775
1 806 401 0.709625
1 807 401 0.7082
1 808 401 0.7074
1 809 401 0.7118
1 810 401 0.71285
1 811 401 0.70875
1 812 401 0.7072
1 813 401 0.70935
1 814 401 0.711725
1 815 401 0.70835
1 816 401 0.71085
1 817 401 0.710075
1 818 401 0.70745
1 819 401 0.71085
1 820 401 0.710375
1 821 401 0.70785
1 822 401 0.7103
1 823 401 0.709775
1 824 401 0.707775
1 825 401 0.708675
1 826 401 0.71205
1 827 401 0.713825
1 828 401 0.70855
1 829 401 0.70835
1 830 401 0.708625
1 831 401 0.708625
1 832 401 0.7116
1 833 401 0.710025
1 834 401 0.7061
1 835 401 0.70885
1 836 401 0.70625
1 837 401 0.710875
1 838 401 0.70835
1 839 401 0.708275
1 840 401 0.70785
1 841 401 0.70865
1 842 401 0.70655
1 843 401 0.710925
1 844 401 0.7098
1 845 401 0.706225
1 846 401 0.707875
1 847 401 0.709125
1 848 401 0.70785
1 849 401 0.707825
1 850 401 0.7082
1 851 401 0.7073
1 852 401 0.7105
1 853 401 0.711175
1 854 401 0.708225
1 855 401 0.7091
1 856 401 0.707275
1 857 401 0.70965
1 858 401 0.704825
1 859 401 0.707575
1 860 401 0.7068
1 861 401 0.705025
1 862 401 0.707125
1 863 401 0.705925
1 864 401 0.70585
1 865 401 0.707
1 866 401 0.708475
1 867 401 0.70845
1 868 401 0.70965
1 869 401 0.7063
1 870 401 0.71065
1 871 401 0.70425
1 872 401 0.70995
1 873 401 0.7077
1 874 401 0.707425
1 875 401 0.704
1 876 401 0.70595
1 877 401 0.705875
1 878 401 0.708575
1 879 401 0.705575
1 880 401 0.7076
1 881 401 0.7051
1 882 401 0.70475
1 883 401 0.704975
1 884 401 0.70705
1 885 401 0.7086
1 886 401 0.709325
1 887 401 0.706425
1 888 401 0.703925
1 889 401 0.707075
1 890 401 0.708075
1 891 401 0.70525
1 892 401 0.706975
1 893 401 0.7042
1 894 401 0.7101
1 895 401 0.7084
1 896 401 0.710025
1 897 401 0.7053
1 898 401 0.702325
1 899 401 0.707725
1 900 401 0.706225
1 901 401 0.70685
1 902 401 0.70185
1 903 401 0.70725
1 904 401 0.70485
1 905 401 0.706875
1 906 401 0.705025
1 907 401 0.70485
1 908 401 0.703825
1 909 401 0.70295
1 910 401 0.708275
1 911 401 0.705725
1 912 401 0.70655
1 913 401 0.705175
1 914 401 0.70325
1 915 401 0.706075
1 916 401 0.705175
1 917 401 0.7027
1 918 401 0.705
1 919 401 0.7074
1 920 401 0.70435
1 921 401 0.703025
1 922 401 0.7047
1 923 401 0.7055
1 924 401 0.7031
1 925 401 0.7079
1 926 401 0.7068
1 927 401 0.704475
1 928 401 0.709325
1 929 401 0.7038
1 930 401 0.70385
1 931 401 0.704725
1 932 401 0.7052
1 933 401 0.707225
1 934 401 0.701375
1 935 401 0.706125
1 936 401 0.705325
1 937 401 0.705125
1 938 401 0.7076
1 939 401 0.7076
1 940 401 0.706725
1 941 401 0.70225
1 942 401 0.70475
1 943 401 0.70315
1 944 401 0.70265
1 945 401 0.69875
1 946 401 0.7022
1 947 401 0.708025
1 948 401 0.704
1 949 401 0.701375
1 950 401 0.702975
1 951 401 0.70855
1 952 401 0.708
1 953 401 0.70615
1 954 401 0.7018
1 955 401 0.698725
1 956 401 0.70195
1 957 401 0.701475
1 958 401 0.705475
1 959 401 0.7008
1 960 401 0.706175
1 961 401 0.702
1 962 401 0.703625
1 963 401 0.703775
1 964 401 0.701975
1 965 401 0.703725
1 966 401 0.704225
1 967 401 0.701425
1 968 401 0.701975
1 969 401 0.704225
1 970 401 0.703725
1 971 401 0.7008
1 972 401 0.700975
1 973 401 0.707025
1 974 401 0.702
1 975 401 0.7042
1 976 401 0.704675
1 977 401 0.701125
1 978 401 0.70435
1 979 401 0.7013
1 980 401 0.704525
1 981 401 0.7037
1 982 401 0.702425
1 983 401 0.7012
1 984 401 0.698475
1 985 401 0.70005
1 986 401 0.7016
1 987 401 0.70375
1 988 401 0.703525
1 989 401 0.702775
1 990 401 0.700675
1 991 401 0.700375
1 992 401 0.70205
1 993 401 0.70495
1 994 401 0.7014
1 995 401 0.6993
1 996 401 0.700075
1 997 401 0.7013
1 998 401 0.70425
1 999 401 0.704575
1 1000 401 0.703675
2 1 401 0.4268
2 2 401 0.4157
2 3 401 0.485125
2 4 401 0.53335
2 5 401 0.52075
2 6 401 0.52045
2 7 401 0.53965
2 8 401 0.52685
2 9 401 0.51175
2 10 401 0.52365
2 11 401 0.51855
2 12 401 0.5021
2 13 401 0.48795
2 14 401 0.49905
2 15 401 0.50055
2 16 401 0.512725
2 17 401 0.518525
2 18 401 0.527475
2 19 401 0.535025
2 20 401 0.537
2 21 401 0.541075
2 22 401 0.542375
2 23 401 0.554775
2 24 401 0.553275
2 25 401 0.555375
2 26 401 0.556675
2 27 401 0.562525
2 28 401 0.557925
2 29 401 0.556625
2 30 401 0.55585
2 31 401 0.5476
2 32 401 0.550425
2 33 401 0.540525
2 34 401 0.54175
2 35 401 0.535375
2 36 401 0.5342
2 37 401 0.5382
2 38 401 0.544475
2 39 401 0.542925
2 40 401 0.54445
2 41 401 0.5446
2 42 401 0.54655
2 43 401 0.55205
2 44 401 0.5481
2 45 401 0.549325
2 46 401 0.54845
2 47 401 0.551625
2 48 401 0.55075
2 49 401 0.557475
2 50 401 0.558675
2 51 401 0.55985
2 52 401 0.5631
2 53 401 0.5656
2 54 401 0.56905
2 55 401 0.5688
2 56 401 0.573725
2 57 401 0.573025
2 58 401 0.577875
2 59 401 0.575575
2 60 401 0.579075
2 61 401 0.58335
2 62 401 0.5807
2 63 401 0.5801
2 64 401 0.580575
2 65 401 0.57855
2 66 401 0.5834
2 67 401 0.5795
2 68 401 0.5785
2 69 401 0.5815
2 70 401 0.575425
2 71 401 0.575825
2 72 401 0.580325
2 73 401 0.5757
2 74 401 0.574125
2 75 401 0.5767
2 76 401 0.578275
2 77 401 0.576625
2 78 401 0.571575
2 79 401 0.5794
2 80 401 0.5747
2 81 401 0.57735
2 82 401 0.578775
2 83 401 0.582175
2 84 401 0.5775
2 85 401 0.58065
2 86 401 0.5806
2 87 401 0.581675
2 88 401 0.5842
2 89 401 0.58455
2 90 401 0.58365
2 91 401 0.585675
2 92 401 0.589475
2 93 401 0.589775
2 94 401 0.590725
2 95 401 0.59015
2 96 401 0.592375
2 97 401 0.59695
2 98 401 0.597175
2 99 401 0.59815
2 100 401 0.6032
2 101 401 0.5981
2 102 401 0.600575
2 103 401 0.600575
2 104 401 0.602875
2 105 401 0.596475
2 106 401 0.602225
2 107 401 0.5963
2 108 401 0.60055
2 109 401 0.603275
2 110 401 0.600225
2 111 401 0.600225
2 112 401 0.598625
2 113 401 0.6033
2 114 401 0.60005
2 115 401 0.597975
2 116 401 0.59785
2 117 401 0.596875
2 118 401 0.59595
2 119 401 0.59335
2 120 401 0.599425
2 121 401 0.59825
2 122 401 0.5984
2 123 401 0.594825
2 124 401 0.596
2 125 401 0.600125
2 126 401 0.5975
2 127 401 0.5989
2 128 401 0.602075
2 129 401 0.603075
2 130 401 0.5986
2 131 401 0.601
2 132 401 0.602375
2 133 401 0.602525
2 134 401 0.604675
2 135 401 0.6074
2 136 401 0.603475
2 137 401 0.607825
2 138 401 0.60705
2 139 401 0.605575
2 140 401 0.609925
2 141 401 0.60665
2 142 401 0.60995
2 143 401 0.60765
2 144 401 0.60855
2 145 401 0.6109
2 146 401 0.616075
2 147 401 0.613175
2 148 401 0.61255
2 149 401 0.617125
2 150 401 0.611675
2 151 401 0.613725
2 152 401 0.6134
2 153 401 0.615325
2 154 401 0.61625
2 155 401 0.6139
2 156 401 0.616125
2 157 401 0.620825
2 158 401 0.6194
2 159 401 0.6165
2 160 401 0.618375
2 161 401 0.6153
2 162 401 0.6179
2 163 401 0.6159
2 164 401 0.615825
2 165 401 0.62005
2 166 401 0.6165
2 167 401 0.6209
2 168 401 0.615575
2 169 401 0.620125
2 170 401 0.618175
2 171 401 0.620125
2 172 401 0.61855
2 173 401 0.618925
2 174 401 0.622525
2 175 401 0.6202
2 176 401 0.618725
2 177 401 0.617125
2 178 401 0.6217
2 179 401 0.6208
2 180 401 0.617
2 181 401 0.621
2 182 401 0.61835
2 183 401 0.62435
2 184 401 0.622875
2 185 401 0.623525
2 186 401 0.62375
2 187 401 0.62495
2 188 401 0.6262
2 189 401 0.619625
2 190 401 0.624125
2 191 401 0.626775
2 192 401 0.629475
2 193 401 0.6268
2 194 401 0.622875
2 195 401 0.6281
2 196 401 0.629925
2 197 401 0.6262
2 198 401 0.626625
2 199 401 0.6281
2 200 401 0.627975
2 201 401 0.630775
2 202 401 0.627875
2 203 401 0.629225
2 204 401 0.632725
2 205 401 0.630775
2 206 401 0.6292
2 207 401 0.634125
2 208 401 0.629775
2 209 401 0.631125
2 210 401 0.6305
2 211 401 0.6296
2 212 401 0.632475
2 213 401 0.632725
2 214 401 0.630775
2 215 401 0.631475
2 216 401 0.632725
2 217 401 0.63435
2 218 401 0.6358
2 219 401 0.633275
2 220 401 0.635075
2 221 401 0.637275
2 222 401 0.63415
2 223 401 0.633675
2 224 401 0.634625
2 225 401 0.634425
2 226 401 0.6332
2 227 401 0.63745
2 228 401 0.63555
2 229 401 0.635375
2 230 401 0.63315
2 231 401 0.636125
2 232 401 0.634575
2 233 401 0.635175
2 234 401 0.63515
2 235 401 0.63315
2 236 401 0.634925
2 237 401 0.63175
2 238 401 0.633275
2 239 401 0.6391
2 240 401 0.6378
2 241 401 0.63795
2 242 401 0.634725
2 243 401 0.637375
2 244 401 0.639875
2 245 401 0.637275
2 246 401 0.63815
2 247 401 0.637425
2 248 401 0.6371
2 249 401 0.63215
2 250 401 0.634675
2 251 401 0.638625
2 252 401 0.636975
2 253 401 0.6408
2 254 401 0.640325
2 255 401 0.6381
2 256 401 0.63715
2 257 401 0.63885
2 258 401 0.638375
2 259 401 0.64185
2 260 401 0.644175
2 261 401 0.64225
2 262 401 0.643225
2 263 401 0.641775
2 264 401 0.642175
2 265 401 0.643275
2 266 401 0.64045
2 267 401 0.6444
2 268 401 0.645225
2 269 401 0.6435
2 270 401 0.64335
2 271 401 0.640475
2 272 401 0.63915
2 273 401 0.640325
2 274 401 0.640325
2 275 401 0.6458
2 276 401 0.638975
2 277 401 0.641975
2 278 401 0.642975
2 279 401 0.6422
2 280 401 0.645275
2 281 401 0.64345
2 282 401 0.644525
2 283 401 0.643775
2 284 401 0.642975
2 285 401 0.644925
2 286 401 0.645425
2 287 401 0.6486
2 288 401 0.6443
2 289 401 0.647175
2 290 401 0.646825
2 291 401 0.645125
2 292 401 0.649025
2 293 401 0.6473
2 294 401 0.6456
2 295 401 0.6509
2 296 401 0.647175
2 297 401 0.647975
2 298 401 0.64835
2 299 401 0.64725
2 300 401 0.648025
2 301 401 0.6481
2 302 401 0.647275
2 303 401 0.6499
2 304 401 0.646625
2 305 401 0.64795
2 306 401 0.647575
2 307 401 0.6482
2 308 401 0.653575
2 309 401 0.64975
2 310 401 0.648925
2 311 401 0.647825
2 312 401 0.64965
2 313 401 0.648525
2 314 401 0.650675
2 315 401 0.64855
2 316 401 0.652475
2 317 401 0.652075
2 318 401 0.652525
2 319 401 0.65075
2 320 401 0.6536
2 321 401 0.6564
2 322 401 0.652775
2 323 401 0.653325
2 324 401 0.65155
2 325 401 0.6538
2 326 401 0.651925
2 327 401 0.653425
2 328 401 0.65065
2 329 401 0.6546
2 330 401 0.65165
2 331 401 0.65465
2 332 401 0.656725
2 333 401 0.653775
2 334 401 0.653025
2 335 401 0.6563
2 336 401 0.657475
2 337 401 0.65685
2 338 401 0.657975
2 339 401 0.656175
2 340 401 0.65795
2 341 401 0.658025
2 342 401 0.657775
2 343 401 0.65695
2 344 401 0.656225
2 345 401 0.655325
2 346 401 0.659775
2 347 401 0.657625
2 348 401 0.65615
2 349 401 0.653575
2 350 401 0.656475
2 351 401 0.655125
2 352 401 0.659225
2 353 401 0.656625
2 354 401 0.6569
2 355 401 0.659325
2 356 401 0.65745
2 357 401 0.6569
2 358 401 0.66065
2 359 401 0.659325
2 360 401 0.66505
2 361 401 0.6604
2 362 401 0.65815
2 363 401 0.65995
2 364 401 0.65895
2 365 401 0.6613
2 366 401 0.663375
2 367 401 0.66285
2 368 401 0.663075
2 369 401 0.6636
2 370 401 0.66075
2 371 401 0.664675
2 372 401 0.663525
2 373 401 0.665425
2 374 401 0.65885
2 375 401 0.661575
2 376 401 0.6641
2 377 401 0.661375
2 378 401 0.664675
2 379 401 0.662225
2 380 401 0.66385
2 381 401 0.66625
2 382 401 0.663925
2 383 401 0.665325
2 384 401 0.66235
2 385 401 0.6652
2 386 401 0.665275
2 387 401 0.663875
2 388 401 0.6656
2 389 401 0.666475
2 390 401 0.6682
2 391 401 0.6661
2 392 401 0.664875
2 393 401 0.6707
2 394 401 0.66705
2 395 401 0.67065
2 396 401 0.6685
2 397 401 0.66855
2 398 401 0.6696
2 399 401 0.671025
2 400 401 0.67045
2 401 401 0.670975
2 402 401 0.6667
2 403 401 0.668225
2 404 401 0.670425
2 405 401 0.67495
2 406 401 0.66795
2 407 401 0.66975
2 408 401 0.672425
2 409 401 0.66925
2 410 401 0.669425
2 411 401 0.669025
2 412 401 0.669375
2 413 401 0.670825
2 414 401 0.66925
2 415 401 0.673
2 416 401 0.67155
2 417 401 0.67115
2 418 401 0.675275
2 419 401 0.670825
2 420 401 0.666575
2 421 401 0.66995
2 422 401 0.672225
2 423 401 0.66895
2 424 401 0.673025
2 425 401 0.670575
2 426 401 0.671525
2 427 401 0.6705
2 428 401 0.67255
2 429 401 0.6706
2 430 401 0.6705
2 431 401 0.667875
2 432 401 0.671325
2 433 401 0.67155
2 434 401 0.670675
2 435 401 0.672675
2 436 401 0.667925
2 437 401 0.67325
2 438 401 0.672525
2 439 401 0.671
2 440 401 0.674375
2 441 401 0.6722
2 442 401 0.672625
2 443 401 0.672525
2 444 401 0.675125
2 445 401 0.669125
2 446 401 0.671275
2 447 401 0.671725
2 448 401 0.672925
2 449 401 0.6747
2 450 401 0.671075
2 451 401 0.6719
2 452 401 0.669625
2 453 401 0.67175
2 454 401 0.672375
2 455 401 0.670625
2 456 401 0.673825
2 457 401 0.66935
2 458 401 0.67385
2 459 401 0.6715
2 460 401 0.673
2 461 401 0.673025
2 462 401 0.67145
2 463 401 0.668775
2 464 401 0.6714
2 465 401 0.673075
2 466 401 0.671725
2 467 401 0.669775
2 468 401 0.672125
2 469 401 0.6716
2 470 401 0.674675
2 471 401 0.6734
2 472 401 0.67365
2 473 401 0.6766
2 474 401 0.671925
2 475 401 0.6707
2 476 401 0.671275
2 477 401 0.6744
2 478 401 0.672525
2 479 401 0.671225
2 480 401 0.671325
2 481 401 0.674475
2 482 401 0.672675
2 483 401 0.672925
2 484 401 0.6704
2 485 401 0.6728
2 486 401 0.670325
2 487 401 0.673525
2 488 401 0.675475
2 489 401 0.674925
2 490 401 0.6725
2 491 401 0.675225
2 492 401 0.674675
2 493 401 0.672175
2 494 401 0.671525
2 495 401 0.673275
2 496 401 0.6733
2 497 401 0.6763
2 498 401 0.675
2 499 401 0.677125
2 500 401 0.67395
2 501 401 0.677025
2 502 401 0.675525
2 503 401 0.675825
2 504 401 0.6739
2 505 401 0.67705
2 506 401 0.6749
2 507 401 0.67385
2 508 401 0.670925
2 509 401 0.67125
2 510 401 0.676575
2 511 401 0.6762
2 512 401 0.674775
2 513 401 0.678875
2 514 401 0.675225
2 515 401 0.6762
2 516 401 0.674275
2 517 401 0.6757
2 518 401 0.672625
2 519 401 0.674025
2 520 401 0.67535
2 521 401 0.675025
2 522 401 0.676375
2 523 401 0.674675
2 524 401 0.6748
2 525 401 0.674525
2 526 401 0.677625
2 527 401 0.6751
2 528 401 0.677775
2 529 401 0.673125
2 530 401 0.673575
2 531 401 0.673775
2 532 401 0.676575
2 533 401 0.676675
2 534 401 0.675025
2 535 401 0.6781
2 536 401 0.6769
2 537 401 0.67755
2 538 401 0.678225
2 539 401 0.678225
2 540 401 0.674775
2 541 401 0.6793
2 542 401 0.677325
2 543 401 0.677225
2 544 401 0.679875
2 545 401 0.678125
2 546 401 0.675375
2 547 401 0.6784
2 548 401 0.67915
2 549 401 0.678075
2 550 401 0.68045
2 551 401 0.6798
2 552 401 0.677475
2 553 401 0.67565
2 554 401 0.67915
2 555 401 0.68075
2 556 401 0.680175
2 557 401 0.679525
2 558 401 0.6791
2 559 401 0.679675
2 560 401 0.680325
2 561 401 0.677725
2 562 401 0.680925
2 563 401 0.679825
2 564 401 0.6833
2 565 401 0.676175
2 566 401 0.681125
2 567 401 0.683425
2 568 401 0.682125
2 569 401 0.68225
2 570 401 0.682375
2 571 401 0.680825
2 572 401 0.680025
2 573 401 0.682075
2 574 401 0.68645
2 575 401 0.681325
2 576 401 0.68135
2 577 401 0.6808
2 578 401 0.677975
2 579 401 0.684325
2 580 401 0.6836
2 581 401 0.6807
2 582 401 0.68345
2 583 401 0.68305
2 584 401 0.68185
2 585 401 0.681375
2 586 401 0.68555
2 587 401 0.6855
2 588 401 0.6837
2 589 401 0.682425
2 590 401 0.68105
2 591 401 0.682925
2 592 401 0.6813
2 593 401 0.681425
2 594 401 0.68465
2 595 401 0.682575
2 596 401 0.686525
2 597 401 0.689775
2 598 401 0.685625
2 599 401 0.68275
2 600 401 0.683075
2 601 401 0.683975
2 602 401 0.6844
2 603 401 0.68055
2 604 401 0.6859
2 605 401 0.6878
2 606 401 0.681625
2 607 401 0.6826
2 608 401 0.6857
2 609 401 0.690225
2 610 401 0.683
2 611 401 0.686225
2 612 401 0.6842
2 613 401 0.68595
2 614 401 0.685125
2 615 401 0.6847
2 616 401 0.687925
2 617 401 0.68545
2 618 401 0.686175
2 619 401 0.6862
2 620 401 0.686575
2 621 401 0.684875
2 622 401 0.687325
2 623 401 0.686475
2 624 401 0.682825
2 625 401 0.68575
2 626 401 0.6859
2 627 401 0.687075
2 628 401 0.685275
2 629 401 0.687375
2 630 401 0.684125
2 631 401 0.6875
2 632 401 0.689075
2 633 401 0.689425
2 634 401 0.689025
2 635 401 0.689325
2 636 401 0.685725
2 637 401 0.688675
2 638 401 0.6887
2 639 401 0.6906
2 640 401 0.686425
2 641 401 0.690125
2 642 401 0.6901
2 643 401 0.685325
2 644 401 0.68575
2 645 401 0.689925
2 646 401 0.6892
2 647 401 0.686725
2 648 401 0.690025
2 649 401 0.6884
2 650 401 0.692175
2 651 401 0.6877
2 652 401 0.6899
2 653 401 0.687425
2 654 401 0.691925
2 655 401 0.692525
2 656 401 0.690175
2 657 401 0.688725
2 658 401 0.690075
2 659 401 0.688
2 660 401 0.687125
2 661 401 0.68745
2 662 401 0.69135
2 663 401 0.68915
2 664 401 0.6869
2 665 401 0.691225
2 666 401 0.688025
2 667 401 0.69235
2 668 401 0.685575
2 669 401 0.69215
2 670 401 0.688125
2 671 401 0.688375
2 672 401 0.690725
2 673 401 0.689575
2 674 401 0.69485
2 675 401 0.693025
2 676 401 0.6897
2 677 401 0.6938
2 678 401 0.689925
2 679 401 0.689675
2 680 401 0.692475
2 681 401 0.6899
2 682 401 0.691175
2 683 401 0.69205
2 684 401 0.6924
2 685 401 0.695025
2 686 401 0.693475
2 687 401 0.690825
2 688 401 0.69595
2 689 401 0.69455
2 690 401 0.69185
2 691 401 0.694825
2 692 401 0.692475
2 693 401 0.695725
2 694 401 0.696075
2 695 401 0.692325
2 696 401 0.69425
2 697 401 0.697725
2 698 401 0.694325
2 699 401 0.698575
2 700 401 0.6957
2 701 401 0.69525
2 702 401 0.698075
2 703 401 0.692475
2 704 401 0.697725
2 705 401 0.695325
2 706 401 0.69835
2 707 401 0.696275
2 708 401 0.697075
2 709 401 0.69555
2 710 401 0.6944
2 711 401 0.6929
2 712 401 0.697675
2 713 401 0.696625
2 714 401 0.6974
2 715 401 0.696425
2 716 401 0.699325
2 717 401 0.694175
2 718 401 0.697575
2 719 401 0.6967
2 720 401 0.698075
2 721 401 0.69495
2 722 401 0.6985
2 723 401 0.699725
2 724 401 0.698075
2 725 401 0.69765
2 726 401 0.6998
2 727 401 0.6973
2 728 401 0.696125
2 729 401 0.69835
2 730 401 0.695675
2 731 401 0.6984
2 732 401 0.69765
2 733 401 0.69765
2 734 401 0.702175
2 735 401 0.697325
2 736 401 0.697425
2 737 401 0.6981
2 738 401 0.696375
2 739 401 0.700525
2 740 401 0.699425
2 741 401 0.698975
2 742 401 0.704
2 743 401 0.700025
2 744 401 0.69715
2 745 401 0.697775
2 746 401 0.697025
2 747 401 0.700225
2 748 401 0.6965
2 749 401 0.699475
2 750 401 0.7039
2 751 401 0.70275
2 752 401 0.700875
2 753 401 0.704225
2 754 401 0.69985
2 755 401 0.70355
2 756 401 0.705425
2 757 401 0.6999
2 758 401 0.70275
2 759 401 0.70255
2 760 401 0.7005
2 761 401 0.70345
2 762 401 0.7017
2 763 401 0.704575
2 764 401 0.7065
2 765 401 0.705275
2 766 401 0.7033
2 767 401 0.706025
2 768 401 0.70575
2 769 401 0.704225
2 770 401 0.70325
2 771 401 0.708425
2 772 401 0.7057
2 773 401 0.70225
2 774 401 0.705675
2 775 401 0.708475
2 776 401 0.703925
2 777 401 0.70675
2 778 401 0.70665
2 779 401 0.703625
2 780 401 0.705625
2 781 401 0.70055
2 782 401 0.708175
2 783 401 0.705
2 784 401 0.70825
2 785 401 0.70735
2 786 401 0.703375
2 787 401 0.707175
2 788 401 0.710375
2 789 401 0.70865
2 790 401 0.70985
2 791 401 0.7089
2 792 401 0.706775
2 793 401 0.70755
2 794 401 0.70935
2 795 401 0.709875
2 796 401 0.704275
2 797 401 0.706725
2 798 401 0.7103
2 799 401 0.7086
2 800 401 0.7071
2 801 401 0.711975
2 802 401 0.705475
2 803 401 0.706175
2 804 401 0.709375
2 805 401 0.709275
2 806 401 0.7123
2 807 401 0.711225
2 808 401 0.7098
2 809 401 0.7096
2 810 401 0.706875
2 811 401 0.709825
2 812 401 0.709075
2 813 401 0.708675
2 814 401 0.70955
2 815 401 0.7069
2 816 401 0.71155
2 817 401 0.710725
2 818 401 0.709725
2 819 401 0.707975
2 820 401 0.70835
2 821 401 0.71125
2 822 401 0.70825
2 823 401 0.708575
2 824 401 0.7113
2 825 401 0.7132
2 826 401 0.709025
2 827 401 0.707725
2 828 401 0.70645
2 829 401 0.70525
2 830 401 0.7103
2 831 401 0.7096
2 832 401 0.708575
2 833 401 0.70965
2 834 401 0.708775
2 835 401 0.70965
2 836 401 0.7088
2 837 401 0.70635
2 838 401 0.708325
2 839 401 0.708375
2 840 401 0.706725
2 841 401 0.710175
2 842 401 0.703725
2 843 401 0.708625
2 844 401 0.70545
2 845 401 0.710425
2 846 401 0.71095
2 847 401 0.708825
2 848 401 0.71065
2 849 401 0.7084
2 850 401 0.704575
2 851 401 0.7082
2 852 401 0.7067
2 853 401 0.709175
2 854 401 0.71155
2 855 401 0.708425
2 856 401 0.7119
2 857 401 0.70975
2 858 401 0.7091
2 859 401 0.708875
2 860 401 0.706425
2 861 401 0.7107
2 862 401 0.706125
2 863 401 0.706825
2 864 401 0.707875
2 865 401 0.706125
2 866 401 0.70635
2 867 401 0.706925
2 868 401 0.705725
2 869 401 0.70715
2 870 401 0.709275
2 871 401 0.70675
2 872 401 0.7044
2 873 401 0.705
2 874 401 0.707325
2 875 401 0.710525
2 876 401 0.704575
2 877 401 0.7091
2 878 401 0.70605
2 879 401 0.70605
2 880 401 0.704325
2 881 401 0.706575
2 882 401 0.7013
2 883 401 0.70595
2 884 401 0.7066
2 885 401 0.705725
2 886 401 0.705875
2 887 401 0.7092
2 888 401 0.708175
2 889 401 0.706625
2 890 401 0.705575
2 891 401 0.705675
2 892 401 0.7038
2 893 401 0.707025
2 894 401 0.70245
2 895 401 0.7051
2 896 401 0.706375
2 897 401 0.709625
2 898 401 0.705
2 899 401 0.706625
2 900 401 0.706875
2 901 401 0.703925
2 902 401 0.704675
2 903 401 0.707975
2 904 401 0.705525
2 905 401 0.707525
2 906 401 0.703075
2 907 401 0.7043
2 908 401 0.708775
2 909 401 0.705975
2 910 401 0.705025
2 911 401 0.7091
2 912 401 0.706625
2 913 401 0.703575
2 914 401 0.7037
2 915 401 0.707975
2 916 401 0.711575
2 917 401 0.707325
2 918 401 0.70715
2 919 401 0.705775
2 920 401 0.7067
2 921 401 0.706425
2 922 401 0.703675
2 923 401 0.705825
2 924 401 0.706475
2 925 401 0.705825
2 926 401 0.70705
2 927 401 0.702975
2 928 401 0.703425
2 929 401 0.7056
2 930 401 0.704675
2 931 401 0.705525
2 932 401 0.707575
2 933 401 0.70445
2 934 401 0.707575
2 935 401 0.706225
2 936 401 0.704025
2 937 401 0.70475
2 938 401 0.703825
2 939 401 0.703075
2 940 401 0.703725
2 941 401 0.70495
2 942 401 0.704275
2 943 401 0.702475
2 944 401 0.707225
2 945 401 0.705125
2 946 401 0.7026
2 947 401 0.705475
2 948 401 0.70895
2 949 401 0.700425
2 950 401 0.70845
2 951 401 0.700625
2 952 401 0.705475
2 953 401 0.7025
2 954 401 0.7042
2 955 401 0.70415
2 956 401 0.70375
2 957 401 0.7048
2 958 401 0.706225
2 959 401 0.70355
2 960 401 0.703475
2 961 401 0.7017
2 962 401 0.70115
2 963 401 0.70275
2 964 401 0.70445
2 965 401 0.706075
2 966 401 0.704475
2 967 401 0.704975
2 968 401 0.702325
2 969 401 0.69775
2 970 401 0.7039
2 971 401 0.704175
2 972 401 0.704275
2 973 401 0.70485
2 974 401 0.706625
2 975 401 0.70635
2 976 401 0.704225
2 977 401 0.702175
2 978 401 0.702625
2 979 401 0.70435
2 980 401 0.70325
2 981 401 0.6986
2 982 401 0.70345
2 983 401 0.69965
2 984 401 0.70255
2 985 401 0.7059
2 986 401 0.701175
2 987 401 0.701975
2 988 401 0.701125
2 989 401 0.69945
2 990 401 0.70295
2 991 401 0.703375
2 992 401 0.701025
2 993 401 0.7014
2 994 401 0.70245
2 995 401 0.701525
2 996 401 0.700925
2 997 401 0.701125
2 998 401 0.702625
2 999 401 0.702875
2 1000 401 0.703925
