1 1 51 0.589692
1 2 51 0.522475
1 3 51 0.52375
1 4 51 0.52665
1 5 51 0.526175
1 6 51 0.531925
1 7 51 0.5248
1 8 51 0.511
1 9 51 0.512425
1 10 51 0.5
1 11 51 0.5027
1 12 51 0.497175
1 13 51 0.505425
1 14 51 0.4894
1 15 51 0.501375
1 16 51 0.513275
1 17 51 0.518
1 18 51 0.528525
1 19 51 0.530125
1 20 51 0.536275
1 21 51 0.543575
1 22 51 0.5475
1 23 51 0.5515
1 24 51 0.5602
1 25 51 0.5581
1 26 51 0.561825
1 27 51 0.56345
1 28 51 0.562475
1 29 51 0.556125
1 30 51 0.5606
1 31 51 0.5532
1 32 51 0.54065
1 33 51 0.5456
1 34 51 0.544025
1 35 51 0.537625
1 36 51 0.53855
1 37 51 0.5355
1 38 51 0.539875
1 39 51 0.5432
1 40 51 0.544025
1 41 51 0.541525
1 42 51 0.548025
1 43 51 0.549125
1 44 51 0.5477
1 45 51 0.552525
1 46 51 0.5527
1 47 51 0.5539
1 48 51 0.556975
1 49 51 0.56365
1 50 51 0.56545
1 51 51 0.564125
1 52 51 0.5677
1 53 51 0.569525
1 54 51 0.5719
1 55 51 0.570075
1 56 51 0.572725
1 57 51 0.573625
1 58 51 0.574025
1 59 51 0.57945
1 60 51 0.58085
1 61 51 0.583075
1 62 51 0.5802
1 63 51 0.578775
1 64 51 0.577275
1 65 51 0.5805
1 66 51 0.578675
1 67 51 0.5798
1 68 51 0.57795
1 69 51 0.58245
1 70 51 0.5815
1 71 51 0.580075
1 72 51 0.5778
1 73 51 0.57985
1 74 51 0.58025
1 75 51 0.578125
1 76 51 0.578675
1 77 51 0.579625
1 78 51 0.57515
1 79 51 0.576175
1 80 51 0.56915
1 81 51 0.57
1 82 51 0.574725
1 83 51 0.575425
1 84 51 0.581525
1 85 51 0.57525
1 86 51 0.5827
1 87 51 0.5826
1 88 51 0.581425
1 89 51 0.582975
1 90 51 0.5867
1 91 51 0.58415
1 92 51 0.58005
1 93 51 0.589475
1 94 51 0.588875
1 95 51 0.586125
1 96 51 0.589825
1 97 51 0.5908
1 98 51 0.594625
1 99 51 0.593775
1 100 51 0.593575
1 101 51 0.599125
1 102 51 0.597175
1 103 51 0.597075
1 104 51 0.603425
1 105 51 0.6015
1 106 51 0.595225
1 107 51 0.6018
1 108 51 0.6018
1 109 51 0.603
1 110 51 0.59545
1 111 51 0.59765
1 112 51 0.59425
1 113 51 0.598025
1 114 51 0.592475
1 115 51 0.59595
1 116 51 0.59375
1 117 51 0.599125
1 118 51 0.5956
1 119 51 0.59795
1 120 51 0.59745
1 121 51 0.5944
1 122 51 0.593425
1 123 51 0.595025
1 124 51 0.59545
1 125 51 0.597125
1 126 51 0.597675
1 127 51 0.59935
1 128 51 0.596525
1 129 51 0.59635
1 130 51 0.595275
1 131 51 0.59525
1 132 51 0.594925
1 133 51 0.59805
1 134 51 0.598175
1 135 51 0.599575
1 136 51 0.599425
1 137 51 0.5975
1 138 51 0.598125
1 139 51 0.599825
1 140 51 0.60035
1 141 51 0.60255
1 142 51 0.6042
1 143 51 0.605425
1 144 51 0.602225
1 145 51 0.603525
1 146 51 0.60765
1 147 51 0.606225
1 148 51 0.6075
1 149 51 0.6087
1 150 51 0.611625
1 151 51 0.6113
1 152 51 0.615625
1 153 51 0.615975
1 154 51 0.611325
1 155 51 0.611675
1 156 51 0.60975
1 157 51 0.60855
1 158 51 0.615875
1 159 51 0.613575
1 160 51 0.61695
1 161 51 0.610175
1 162 51 0.6059
1 163 51 0.612225
1 164 51 0.610425
1 165 51 0.6076
1 166 51 0.610875
1 167 51 0.611175
1 168 51 0.61005
1 169 51 0.609975
1 170 51 0.608075
1 171 51 0.609725
1 172 51 0.607625
1 173 51 0.6063
1 174 51 0.6115
1 175 51 0.6093
1 176 51 0.61065
1 177 51 0.6089
1 178 51 0.615225
1 179 51 0.613125
1 180 51 0.612675
1 181 51 0.614075
1 182 51 0.612725
1 183 51 0.615975
1 184 51 0.612725
1 185 51 0.613275
1 186 51 0.6156
1 187 51 0.614625
1 188 51 0.613925
1 189 51 0.616725
1 190 51 0.61885
1 191 51 0.61655
1 192 51 0.61365
1 193 51 0.61845
1 194 51 0.615975
1 195 51 0.61495
1 196 51 0.616225
1 197 51 0.615575
1 198 51 0.618175
1 199 51 0.619625
1 200 51 0.61785
1 201 51 0.61795
1 202 51 0.6159
1 203 51 0.613275
1 204 51 0.6143
1 205 51 0.618325
1 206 51 0.617825
1 207 51 0.6191
1 208 51 0.618275
1 209 51 0.6136
1 210 51 0.619075
1 211 51 0.6138
1 212 51 0.617175
1 213 51 0.619275
1 214 51 0.622525
1 215 51 0.6157
1 216 51 0.61615
1 217 51 0.62195
1 218 51 0.623325
1 219 51 0.623175
1 220 51 0.618775
1 221 51 0.6172
1 222 51 0.620425
1 223 51 0.619175
1 224 51 0.622
1 225 51 0.622375
1 226 51 0.620475
1 227 51 0.627125
1 228 51 0.62075
1 229 51 0.624175
1 230 51 0.625675
1 231 51 0.62635
1 232 51 0.625025
1 233 51 0.629375
1 234 51 0.625425
1 235 51 0.626225
1 236 51 0.6309
1 237 51 0.63215
1 238 51 0.6314
1 239 51 0.62595
1 240 51 0.630775
1 241 51 0.630675
1 242 51 0.63025
1 243 51 0.632125
1 244 51 0.632775
1 245 51 0.629625
1 246 51 0.632625
1 247 51 0.62795
1 248 51 0.62975
1 249 51 0.633525
1 250 51 0.629825
1 251 51 0.632675
1 252 51 0.629025
1 253 51 0.635225
1 254 51 0.633425
1 255 51 0.6345
1 256 51 0.633325
1 257 51 0.63405
1 258 51 0.634225
1 259 51 0.631175
1 260 51 0.632875
1 261 51 0.633825
1 262 51 0.628475
1 263 51 0.6337
1 264 51 0.635575
1 265 51 0.631925
1 266 51 0.635075
1 267 51 0.629575
1 268 51 0.630525
1 269 51 0.635525
1 270 51 0.631925
1 271 51 0.6354
1 272 51 0.631775
1 273 51 0.633025
1 274 51 0.634275
1 275 51 0.6322
1 276 51 0.6319
1 277 51 0.631875
1 278 51 0.6292
1 279 51 0.634425
1 280 51 0.629975
1 281 51 0.63135
1 282 51 0.63205
1 283 51 0.6347
1 284 51 0.635525
1 285 51 0.64035
1 286 51 0.639175
1 287 51 0.6314
1 288 51 0.633525
1 289 51 0.636575
1 290 51 0.63715
1 291 51 0.6363
1 292 51 0.635775
1 293 51 0.6378
1 294 51 0.636775
1 295 51 0.639975
1 296 51 0.6368
1 297 51 0.641425
1 298 51 0.6405
1 299 51 0.63775
1 300 51 0.643
1 301 51 0.64165
1 302 51 0.644175
1 303 51 0.642475
1 304 51 0.643725
1 305 51 0.645925
1 306 51 0.646975
1 307 51 0.644375
1 308 51 0.648725
1 309 51 0.645225
1 310 51 0.646625
1 311 51 0.64765
1 312 51 0.6462
1 313 51 0.64265
1 314 51 0.64475
1 315 51 0.6472
1 316 51 0.646525
1 317 51 0.64985
1 318 51 0.644075
1 319 51 0.648575
1 320 51 0.64165
1 321 51 0.64705
1 322 51 0.64655
1 323 51 0.64305
1 324 51 0.64425
1 325 51 0.648275
1 326 51 0.6451
1 327 51 0.646525
1 328 51 0.64595
1 329 51 0.64655
1 330 51 0.647925
1 331 51 0.644825
1 332 51 0.64205
1 333 51 0.64305
1 334 51 0.643925
1 335 51 0.6377
1 336 51 0.645025
1 337 51 0.642625
1 338 51 0.64815
1 339 51 0.6434
1 340 51 0.6454
1 341 51 0.64455
1 342 51 0.641725
1 343 51 0.647775
1 344 51 0.6465
1 345 51 0.65005
1 346 51 0.64465
1 347 51 0.64615
1 348 51 0.643525
1 349 51 0.643525
1 350 51 0.647625
1 351 51 0.6518
1 352 51 0.647825
1 353 51 0.65265
1 354 51 0.6498
1 355 51 0.6507
1 356 51 0.653475
1 357 51 0.6502
1 358 51 0.651275
1 359 51 0.6525
1 360 51 0.65175
1 361 51 0.651875
1 362 51 0.651825
1 363 51 0.654225
1 364 51 0.651175
1 365 51 0.65075
1 366 51 0.652975
1 367 51 0.653325
1 368 51 0.65095
1 369 51 0.654675
1 370 51 0.6521
1 371 51 0.6552
1 372 51 0.654425
1 373 51 0.65445
1 374 51 0.652325
1 375 51 0.649675
1 376 51 0.6491
1 377 51 0.652475
1 378 51 0.652
1 379 51 0.651075
1 380 51 0.6537
1 381 51 0.65495
1 382 51 0.657275
1 383 51 0.650225
1 384 51 0.655325
1 385 51 0.647775
1 386 51 0.6523
1 387 51 0.64745
1 388 51 0.6494
1 389 51 0.652325
1 390 51 0.650475
1 391 51 0.65
1 392 51 0.65145
1 393 51 0.653575
1 394 51 0.6531
1 395 51 0.6516
1 396 51 0.650425
1 397 51 0.648425
1 398 51 0.654775
1 399 51 0.649875
1 400 51 0.6489
1 401 51 0.650775
1 402 51 0.650775
1 403 51 0.652225
1 404 51 0.649925
1 405 51 0.6519
1 406 51 0.6493
1 407 51 0.652075
1 408 51 0.65395
1 409 51 0.6504
1 410 51 0.6537
1 411 51 0.65185
1 412 51 0.64785
1 413 51 0.65415
1 414 51 0.64605
1 415 51 0.652075
1 416 51 0.651175
1 417 51 0.6508
1 418 51 0.6518
1 419 51 0.653775
1 420 51 0.655775
1 421 51 0.65275
1 422 51 0.651925
1 423 51 0.658
1 424 51 0.651925
1 425 51 0.6536
1 426 51 0.65415
1 427 51 0.6501
1 428 51 0.65495
1 429 51 0.653075
1 430 51 0.656975
1 431 51 0.655975
1 432 51 0.65315
1 433 51 0.65495
1 434 51 0.655025
1 435 51 0.65535
1 436 51 0.657525
1 437 51 0.6563
1 438 51 0.6518
1 439 51 0.652925
1 440 51 0.658275
1 441 51 0.657075
1 442 51 0.66015
1 443 51 0.6592
1 444 51 0.65745
1 445 51 0.6569
1 446 51 0.663
1 447 51 0.656475
1 448 51 0.65675
1 449 51 0.655375
1 450 51 0.657675
1 451 51 0.661275
1 452 51 0.65745
1 453 51 0.65915
1 454 51 0.662075
1 455 51 0.659275
1 456 51 0.660275
1 457 51 0.663275
1 458 51 0.66545
1 459 51 0.665625
1 460 51 0.6661
1 461 51 0.661425
1 462 51 0.6611
1 463 51 0.662875
1 464 51 0.659475
1 465 51 0.665725
1 466 51 0.6685
1 467 51 0.6658
1 468 51 0.6643
1 469 51 0.663425
1 470 51 0.6619
1 471 51 0.664075
1 472 51 0.66265
1 473 51 0.661275
1 474 51 0.665975
1 475 51 0.669325
1 476 51 0.6674
1 477 51 0.663875
1 478 51 0.669375
1 479 51 0.66345
1 480 51 0.669125
1 481 51 0.664925
1 482 51 0.665675
1 483 51 0.670825
1 484 51 0.669675
1 485 51 0.664025
1 486 51 0.66605
1 487 51 0.667125
1 488 51 0.669
1 489 51 0.666
1 490 51 0.6672
1 491 51 0.667575
1 492 51 0.667475
1 493 51 0.667725
1 494 51 0.6677
1 495 51 0.6694
1 496 51 0.66495
1 497 51 0.665175
1 498 51 0.6669
1 499 51 0.6665
1 500 51 0.668
1 501 51 0.668425
1 502 51 0.668125
1 503 51 0.66825
1 504 51 0.666475
1 505 51 0.6693
1 506 51 0.6716
1 507 51 0.66995
1 508 51 0.66635
1 509 51 0.6724
1 510 51 0.671775
1 511 51 0.670525
1 512 51 0.668375
1 513 51 0.66505
1 514 51 0.669625
1 515 51 0.6679
1 516 51 0.66855
1 517 51 0.671075
1 518 51 0.67165
1 519 51 0.672125
1 520 51 0.66575
1 521 51 0.67105
1 522 51 0.667425
1 523 51 0.669225
1 524 51 0.668625
1 525 51 0.66905
1 526 51 0.675075
1 527 51 0.66625
1 528 51 0.666475
1 529 51 0.666025
1 530 51 0.67105
1 531 51 0.669925
1 532 51 0.6707
1 533 51 0.6722
1 534 51 0.6681
1 535 51 0.6709
1 536 51 0.666325
1 537 51 0.6706
1 538 51 0.668075
1 539 51 0.67055
1 540 51 0.670475
1 541 51 0.67055
1 542 51 0.67015
1 543 51 0.666925
1 544 51 0.667625
1 545 51 0.67035
1 546 51 0.66675
1 547 51 0.667325
1 548 51 0.669025
1 549 51 0.6733
1 550 51 0.6697
1 551 51 0.671225
1 552 51 0.67225
1 553 51 0.670875
1 554 51 0.6716
1 555 51 0.66845
1 556 51 0.67105
1 557 51 0.672275
1 558 51 0.669625
1 559 51 0.668425
1 560 51 0.673675
1 561 51 0.669625
1 562 51 0.669625
1 563 51 0.6701
1 564 51 0.66965
1 565 51 0.6698
1 566 51 0.672275
1 567 51 0.6723
1 568 51 0.66925
1 569 51 0.674925
1 570 51 0.6729
1 571 51 0.671375
1 572 51 0.67355
1 573 51 0.672825
1 574 51 0.67175
1 575 51 0.6696
1 576 51 0.674775
1 577 51 0.670375
1 578 51 0.67215
1 579 51 0.67565
1 580 51 0.672975
1 581 51 0.677
1 582 51 0.67345
1 583 51 0.67285
1 584 51 0.6728
1 585 51 0.674975
1 586 51 0.672375
1 587 51 0.669375
1 588 51 0.671975
1 589 51 0.6776
1 590 51 0.672375
1 591 51 0.677375
1 592 51 0.6753
1 593 51 0.6728
1 594 51 0.6759
1 595 51 0.672075
1 596 51 0.67505
1 597 51 0.6725
1 598 51 0.67985
1 599 51 0.6765
1 600 51 0.674
1 601 51 0.67355
1 602 51 0.673
1 603 51 0.6763
1 604 51 0.676175
1 605 51 0.67995
1 606 51 0.679225
1 607 51 0.680975
1 608 51 0.683625
1 609 51 0.6773
1 610 51 0.679525
1 611 51 0.678325
1 612 51 0.675425
1 613 51 0.680575
1 614 51 0.67715
1 615 51 0.676525
1 616 51 0.677525
1 617 51 0.67735
1 618 51 0.6804
1 619 51 0.678525
1 620 51 0.6757
1 621 51 0.6784
1 622 51 0.677925
1 623 51 0.681275
1 624 51 0.678725
1 625 51 0.674575
1 626 51 0.683975
1 627 51 0.677775
1 628 51 0.681475
1 629 51 0.681375
1 630 51 0.680475
1 631 51 0.67695
1 632 51 0.677025
1 633 51 0.6766
1 634 51 0.681975
1 635 51 0.677325
1 636 51 0.681325
1 637 51 0.677125
1 638 51 0.683
1 639 51 0.67855
1 640 51 0.681725
1 641 51 0.67975
1 642 51 0.678125
1 643 51 0.677775
1 644 51 0.67915
1 645 51 0.6772
1 646 51 0.677525
1 647 51 0.678875
1 648 51 0.67885
1 649 51 0.680325
1 650 51 0.67785
1 651 51 0.67605
1 652 51 0.676975
1 653 51 0.680475
1 654 51 0.679925
1 655 51 0.676825
1 656 51 0.676225
1 657 51 0.680675
1 658 51 0.682825
1 659 51 0.67715
1 660 51 0.6796
1 661 51 0.67295
1 662 51 0.677125
1 663 51 0.681225
1 664 51 0.6764
1 665 51 0.678
1 666 51 0.67545
1 667 51 0.67625
1 668 51 0.677825
1 669 51 0.68
1 670 51 0.6736
1 671 51 0.678
1 672 51 0.6732
1 673 51 0.677875
1 674 51 0.67645
1 675 51 0.679775
1 676 51 0.6787
1 677 51 0.6767
1 678 51 0.677775
1 679 51 0.6778
1 680 51 0.6814
1 681 51 0.6803
1 682 51 0.679125
1 683 51 0.679525
1 684 51 0.6799
1 685 51 0.681675
1 686 51 0.680825
1 687 51 0.67935
1 688 51 0.68595
1 689 51 0.679475
1 690 51 0.680825
1 691 51 0.677375
1 692 51 0.679075
1 693 51 0.678225
1 694 51 0.679925
1 695 51 0.6801
1 696 51 0.6814
1 697 51 0.681725
1 698 51 0.680325
1 699 51 0.678775
1 700 51 0.677575
1 701 51 0.680975
1 702 51 0.6808
1 703 51 0.68035
1 704 51 0.684075
1 705 51 0.681925
1 706 51 0.683925
1 707 51 0.681475
1 708 51 0.6813
1 709 51 0.6854
1 710 51 0.681025
1 711 51 0.683075
1 712 51 0.684
1 713 51 0.681
1 714 51 0.6847
1 715 51 0.68465
1 716 51 0.6852
1 717 51 0.685
1 718 51 0.686375
1 719 51 0.6836
1 720 51 0.681025
1 721 51 0.68305
1 722 51 0.681875
1 723 51 0.685475
1 724 51 0.6848
1 725 51 0.68355
1 726 51 0.685775
1 727 51 0.683975
1 728 51 0.6848
1 729 51 0.6843
1 730 51 0.68245
1 731 51 0.683875
1 732 51 0.68605
1 733 51 0.685625
1 734 51 0.68355
1 735 51 0.686475
1 736 51 0.6914
1 737 51 0.68375
1 738 51 0.682725
1 739 51 0.68685
1 740 51 0.687025
1 741 51 0.683025
1 742 51 0.686625
1 743 51 0.683625
1 744 51 0.6889
1 745 51 0.684525
1 746 51 0.68985
1 747 51 0.683275
1 748 51 0.68255
1 749 51 0.687125
1 750 51 0.684675
1 751 51 0.68605
1 752 51 0.6851
1 753 51 0.683875
1 754 51 0.686475
1 755 51 0.68335
1 756 51 0.68645
1 757 51 0.68485
1 758 51 0.685175
1 759 51 0.6872
1 760 51 0.686275
1 761 51 0.6862
1 762 51 0.690375
1 763 51 0.6858
1 764 51 0.6862
1 765 51 0.68485
1 766 51 0.688775
1 767 51 0.685925
1 768 51 0.6834
1 769 51 0.68535
1 770 51 0.68535
1 771 51 0.68615
1 772 51 0.686375
1 773 51 0.687225
1 774 51 0.685425
1 775 51 0.6837
1 776 51 0.681875
1 777 51 0.682075
1 778 51 0.68375
1 779 51 0.6827
1 780 51 0.684775
1 781 51 0.68545
1 782 51 0.685525
1 783 51 0.6883
1 784 51 0.68495
1 785 51 0.68295
1 786 51 0.683125
1 787 51 0.6802
1 788 51 0.686625
1 789 51 0.679975
1 790 51 0.68355
1 791 51 0.68025
1 792 51 0.6843
1 793 51 0.683025
1 794 51 0.684875
1 795 51 0.68115
1 796 51 0.68545
1 797 51 0.685175
1 798 51 0.68305
1 799 51 0.683025
1 800 51 0.6826
1 801 51 0.682225
1 802 51 0.682075
1 803 51 0.686575
1 804 51 0.685225
1 805 51 0.68535
1 806 51 0.68735
1 807 51 0.683475
1 808 51 0.684625
1 809 51 0.68665
1 810 51 0.685025
1 811 51 0.6841
1 812 51 0.6868
1 813 51 0.6872
1 814 51 0.685975
1 815 51 0.68445
1 816 51 0.68185
1 817 51 0.68135
1 818 51 0.686325
1 819 51 0.690025
1 820 51 0.6824
1 821 51 0.68315
1 822 51 0.6857
1 823 51 0.6823
1 824 51 0.68305
1 825 51 0.68435
1 826 51 0.6848
1 827 51 0.686
1 828 51 0.687
1 829 51 0.68435
1 830 51 0.680925
1 831 51 0.683575
1 832 51 0.68455
1 833 51 0.6886
1 834 51 0.687975
1 835 51 0.68375
1 836 51 0.680625
1 837 51 0.6848
1 838 51 0.688275
1 839 51 0.68845
1 840 51 0.684675
1 841 51 0.687625
1 842 51 0.688575
1 843 51 0.683825
1 844 51 0.6863
1 845 51 0.680475
1 846 51 0.6872
1 847 51 0.683225
1 848 51 0.6831
1 849 51 0.68685
1 850 51 0.68405
1 851 51 0.686425
1 852 51 0.68415
1 853 51 0.68645
1 854 51 0.6908
1 855 51 0.68585
1 856 51 0.685025
1 857 51 0.682575
1 858 51 0.68615
1 859 51 0.686375
1 860 51 0.684525
1 861 51 0.688875
1 862 51 0.684625
1 863 51 0.686875
1 864 51 0.68515
1 865 51 0.683925
1 866 51 0.6877
1 867 51 0.685925
1 868 51 0.689875
1 869 51 0.6884
1 870 51 0.687675
1 871 51 0.685325
1 872 51 0.684175
1 873 51 0.68885
1 874 51 0.687825
1 875 51 0.68825
1 876 51 0.687
1 877 51 0.683575
1 878 51 0.692025
1 879 51 0.6884
1 880 51 0.68805
1 881 51 0.687925
1 882 51 0.68805
1 883 51 0.68565
1 884 51 0.687525
1 885 51 0.68985
1 886 51 0.686425
1 887 51 0.690775
1 888 51 0.690075
1 889 51 0.692825
1 890 51 0.688375
1 891 51 0.690425
1 892 51 0.68885
1 893 51 0.6922
1 894 51 0.691325
1 895 51 0.692375
1 896 51 0.6922
1 897 51 0.69095
1 898 51 0.695625
1 899 51 0.69165
1 900 51 0.689525
1 901 51 0.68905
1 902 51 0.688825
1 903 51 0.690175
1 904 51 0.694375
1 905 51 0.689925
1 906 51 0.693825
1 907 51 0.688425
1 908 51 0.694125
1 909 51 0.692975
1 910 51 0.691975
1 911 51 0.6911
1 912 51 0.690825
1 913 51 0.6909
1 914 51 0.6946
1 915 51 0.6943
1 916 51 0.694575
1 917 51 0.6895
1 918 51 0.691975
1 919 51 0.69165
1 920 51 0.6932
1 921 51 0.696325
1 922 51 0.69095
1 923 51 0.688125
1 924 51 0.69245
1 925 51 0.69535
1 926 51 0.69195
1 927 51 0.689175
1 928 51 0.68995
1 929 51 0.68955
1 930 51 0.6919
1 931 51 0.69505
1 932 51 0.695175
1 933 51 0.689425
1 934 51 0.697275
1 935 51 0.691425
1 936 51 0.693925
1 937 51 0.693675
1 938 51 0.6955
1 939 51 0.693475
1 940 51 0.702325
1 941 51 0.695125
1 942 51 0.692775
1 943 51 0.696125
1 944 51 0.6907
1 945 51 0.696425
1 946 51 0.69515
1 947 51 0.69375
1 948 51 0.69665
1 949 51 0.692125
1 950 51 0.6969
1 951 51 0.693425
1 952 51 0.69575
1 953 51 0.6943
1 954 51 0.692325
1 955 51 0.69805
1 956 51 0.698325
1 957 51 0.698
1 958 51 0.6975
1 959 51 0.69845
1 960 51 0.692225
1 961 51 0.69125
1 962 51 0.6929
1 963 51 0.699
1 964 51 0.695925
1 965 51 0.696
1 966 51 0.701525
1 967 51 0.6974
1 968 51 0.699775
1 969 51 0.698475
1 970 51 0.6988
1 971 51 0.69615
1 972 51 0.7013
1 973 51 0.70045
1 974 51 0.696175
1 975 51 0.69865
1 976 51 0.70005
1 977 51 0.701025
1 978 51 0.70215
1 979 51 0.696775
1 980 51 0.6994
1 981 51 0.6958
1 982 51 0.70185
1 983 51 0.697625
1 984 51 0.6983
1 985 51 0.6982
1 986 51 0.69845
1 987 51 0.695975
1 988 51 0.6954
1 989 51 0.695225
1 990 51 0.698575
1 991 51 0.7022
1 992 51 0.69535
1 993 51 0.69955
1 994 51 0.698225
1 995 51 0.69885
1 996 51 0.697725
1 997 51 0.69755
1 998 51 0.697475
1 999 51 0.6989
1 1000 51 0.700375
2 1 51 0.5852
2 2 51 0.519725
2 3 51 0.53205
2 4 51 0.526675
2 5 51 0.52255
2 6 51 0.5328
2 7 51 0.5269
2 8 51 0.507375
2 9 51 0.5067
2 10 51 0.502625
2 11 51 0.498575
2 12 51 0.499375
2 13 51 0.508875
2 14 51 0.4913
2 15 51 0.50255
2 16 51 0.514325
2 17 51 0.521925
2 18 51 0.5296
2 19 51 0.53275
2 20 51 0.53415
2 21 51 0.5399
2 22 51 0.544325
2 23 51 0.55295
2 24 51 0.55995
2 25 51 0.55715
2 26 51 0.55875
2 27 51 0.56485
2 28 51 0.559725
2 29 51 0.560075
2 30 51 0.56105
2 31 51 0.55645
2 32 51 0.54675
2 33 51 0.54495
2 34 51 0.54155
2 35 51 0.535625
2 36 51 0.537775
2 37 51 0.532775
2 38 51 0.543225
2 39 51 0.539875
2 40 51 0.5448
2 41 51 0.544
2 42 51 0.5428
2 43 51 0.546725
2 44 51 0.54905
2 45 51 0.55365
2 46 51 0.5538
2 47 51 0.55335
2 48 51 0.554825
2 49 51 0.562975
2 50 51 0.565225
2 51 51 0.568325
2 52 51 0.56905
2 53 51 0.57375
2 54 51 0.5733
2 55 51 0.572225
2 56 51 0.5759
2 57 51 0.57875
2 58 51 0.577375
2 59 51 0.578975
2 60 51 0.58235
2 61 51 0.5787
2 62 51 0.5795
2 63 51 0.5777
2 64 51 0.5808
2 65 51 0.5815
2 66 51 0.582375
2 67 51 0.5748
2 68 51 0.58365
2 69 51 0.578025
2 70 51 0.580925
2 71 51 0.576575
2 72 51 0.578325
2 73 51 0.578375
2 74 51 0.58095
2 75 51 0.580875
2 76 51 0.580875
2 77 51 0.576725
2 78 51 0.57595
2 79 51 0.573575
2 80 51 0.571625
2 81 51 0.5725
2 82 51 0.576425
2 83 51 0.57555
2 84 51 0.579425
2 85 51 0.5783
2 86 51 0.578175
2 87 51 0.580725
2 88 51 0.584075
2 89 51 0.577575
2 90 51 0.58535
2 91 51 0.5845
2 92 51 0.5838
2 93 51 0.589125
2 94 51 0.582375
2 95 51 0.583925
2 96 51 0.59025
2 97 51 0.5943
2 98 51 0.594825
2 99 51 0.5983
2 100 51 0.598125
2 101 51 0.593825
2 102 51 0.5943
2 103 51 0.59805
2 104 51 0.601525
2 105 51 0.599925
2 106 51 0.597175
2 107 51 0.599125
2 108 51 0.598575
2 109 51 0.60355
2 110 51 0.598275
2 111 51 0.594425
2 112 51 0.59785
2 113 51 0.600225
2 114 51 0.601425
2 115 51 0.5933
2 116 51 0.6006
2 117 51 0.591475
2 118 51 0.6006
2 119 51 0.594275
2 120 51 0.5995
2 121 51 0.5944
2 122 51 0.59205
2 123 51 0.59205
2 124 51 0.594025
2 125 51 0.59645
2 126 51 0.597
2 127 51 0.59635
2 128 51 0.595625
2 129 51 0.602125
2 130 51 0.596325
2 131 51 0.59725
2 132 51 0.60095
2 133 51 0.596575
2 134 51 0.599
2 135 51 0.594425
2 136 51 0.597075
2 137 51 0.59855
2 138 51 0.5996
2 139 51 0.598775
2 140 51 0.6041
2 141 51 0.60155
2 142 51 0.6015
2 143 51 0.60415
2 144 51 0.605825
2 145 51 0.606925
2 146 51 0.607675
2 147 51 0.609
2 148 51 0.605975
2 149 51 0.60895
2 150 51 0.61045
2 151 51 0.61025
2 152 51 0.6138
2 153 51 0.613025
2 154 51 0.61615
2 155 51 0.612475
2 156 51 0.6123
2 157 51 0.6109
2 158 51 0.612975
2 159 51 0.610075
2 160 51 0.612725
2 161 51 0.6122
2 162 51 0.608675
2 163 51 0.6091
2 164 51 0.6076
2 165 51 0.607275
2 166 51 0.609475
2 167 51 0.612725
2 168 51 0.612
2 169 51 0.6025
2 170 51 0.6083
2 171 51 0.608775
2 172 51 0.6091
2 173 51 0.6093
2 174 51 0.611675
2 175 51 0.61045
2 176 51 0.608825
2 177 51 0.6131
2 178 51 0.611925
2 179 51 0.607
2 180 51 0.6151
2 181 51 0.610975
2 182 51 0.6138
2 183 51 0.6139
2 184 51 0.614125
2 185 51 0.614325
2 186 51 0.615425
2 187 51 0.617225
2 188 51 0.615825
2 189 51 0.617125
2 190 51 0.61785
2 191 51 0.612025
2 192 51 0.6171
2 193 51 0.614925
2 194 51 0.611325
2 195 51 0.612975
2 196 51 0.615375
2 197 51 0.61505
2 198 51 0.6167
2 199 51 0.61725
2 200 51 0.617875
2 201 51 0.61825
2 202 51 0.6144
2 203 51 0.620075
2 204 51 0.61495
2 205 51 0.6156
2 206 51 0.61835
2 207 51 0.6185
2 208 51 0.61765
2 209 51 0.61785
2 210 51 0.61875
2 211 51 0.620775
2 212 51 0.6218
2 213 51 0.616325
2 214 51 0.6192
2 215 51 0.621225
2 216 51 0.619125
2 217 51 0.62085
2 218 51 0.620275
2 219 51 0.622075
2 220 51 0.61845
2 221 51 0.62115
2 222 51 0.6199
2 223 51 0.620425
2 224 51 0.621325
2 225 51 0.616525
2 226 51 0.62395
2 227 51 0.62325
2 228 51 0.62535
2 229 51 0.6273
2 230 51 0.62295
2 231 51 0.62475
2 232 51 0.626675
2 233 51 0.626925
2 234 51 0.6305
2 235 51 0.631275
2 236 51 0.627025
2 237 51 0.630075
2 238 51 0.63225
2 239 51 0.632275
2 240 51 0.629525
2 241 51 0.629075
2 242 51 0.634425
2 243 51 0.6334
2 244 51 0.632875
2 245 51 0.6308
2 246 51 0.62665
2 247 51 0.63235
2 248 51 0.63425
2 249 51 0.633175
2 250 51 0.635725
2 251 51 0.6282
2 252 51 0.634975
2 253 51 0.6393
2 254 51 0.636
2 255 51 0.63435
2 256 51 0.633525
2 257 51 0.63595
2 258 51 0.6334
2 259 51 0.63435
2 260 51 0.633525
2 261 51 0.633425
2 262 51 0.6318
2 263 51 0.6339
2 264 51 0.63365
2 265 51 0.6351
2 266 51 0.63335
2 267 51 0.63315
2 268 51 0.634
2 269 51 0.63805
2 270 51 0.62985
2 271 51 0.635075
2 272 51 0.63275
2 273 51 0.62915
2 274 51 0.6351
2 275 51 0.63385
2 276 51 0.6312
2 277 51 0.63125
2 278 51 0.63015
2 279 51 0.633025
2 280 51 0.6322
2 281 51 0.63335
2 282 51 0.63
2 283 51 0.63415
2 284 51 0.632875
2 285 51 0.636275
2 286 51 0.636325
2 287 51 0.6349
2 288 51 0.63695
2 289 51 0.6316
2 290 51 0.638275
2 291 51 0.634025
2 292 51 0.6382
2 293 51 0.637175
2 294 51 0.638625
2 295 51 0.6419
2 296 51 0.6393
2 297 51 0.63945
2 298 51 0.6416
2 299 51 0.640575
2 300 51 0.642225
2 301 51 0.642525
2 302 51 0.64255
2 303 51 0.643025
2 304 51 0.6469
2 305 51 0.648
2 306 51 0.648175
2 307 51 0.65085
2 308 51 0.6492
2 309 51 0.643375
2 310 51 0.642525
2 311 51 0.642375
2 312 51 0.647325
2 313 51 0.643225
2 314 51 0.64735
2 315 51 0.649525
2 316 51 0.645675
2 317 51 0.647425
2 318 51 0.645975
2 319 51 0.6442
2 320 51 0.647325
2 321 51 0.6465
2 322 51 0.643125
2 323 51 0.649275
2 324 51 0.646125
2 325 51 0.64465
2 326 51 0.640675
2 327 51 0.643125
2 328 51 0.64705
2 329 51 0.6434
2 330 51 0.64315
2 331 51 0.644725
2 332 51 0.642025
2 333 51 0.641975
2 334 51 0.6425
2 335 51 0.641775
2 336 51 0.6485
2 337 51 0.64865
2 338 51 0.6466
2 339 51 0.644975
2 340 51 0.645975
2 341 51 0.64415
2 342 51 0.645075
2 343 51 0.646725
2 344 51 0.6472
2 345 51 0.6463
2 346 51 0.641375
2 347 51 0.64595
2 348 51 0.648325
2 349 51 0.644375
2 350 51 0.647325
2 351 51 0.64695
2 352 51 0.6468
2 353 51 0.647775
2 354 51 0.650725
2 355 51 0.65295
2 356 51 0.6492
2 357 51 0.6483
2 358 51 0.649975
2 359 51 0.649625
2 360 51 0.65115
2 361 51 0.649625
2 362 51 0.651025
2 363 51 0.650525
2 364 51 0.653425
2 365 51 0.652375
2 366 51 0.6513
2 367 51 0.6522
2 368 51 0.653425
2 369 51 0.65
2 370 51 0.65495
2 371 51 0.6549
2 372 51 0.65265
2 373 51 0.64985
2 374 51 0.652325
2 375 51 0.652525
2 376 51 0.6504
2 377 51 0.655575
2 378 51 0.652775
2 379 51 0.652975
2 380 51 0.652325
2 381 51 0.65365
2 382 51 0.6496
2 383 51 0.6537
2 384 51 0.6532
2 385 51 0.65235
2 386 51 0.6534
2 387 51 0.653625
2 388 51 0.6549
2 389 51 0.648375
2 390 51 0.650575
2 391 51 0.65035
2 392 51 0.648875
2 393 51 0.65115
2 394 51 0.6503
2 395 51 0.65315
2 396 51 0.651525
2 397 51 0.65125
2 398 51 0.648775
2 399 51 0.6528
2 400 51 0.653725
2 401 51 0.652
2 402 51 0.6519
2 403 51 0.6485
2 404 51 0.65275
2 405 51 0.650575
2 406 51 0.651925
2 407 51 0.654
2 408 51 0.653325
2 409 51 0.652875
2 410 51 0.6549
2 411 51 0.64995
2 412 51 0.648975
2 413 51 0.65305
2 414 51 0.65115
2 415 51 0.6546
2 416 51 0.647875
2 417 51 0.6486
2 418 51 0.6539
2 419 51 0.649475
2 420 51 0.653475
2 421 51 0.6521
2 422 51 0.651275
2 423 51 0.651725
2 424 51 0.65355
2 425 51 0.6492
2 426 51 0.6514
2 427 51 0.652775
2 428 51 0.65365
2 429 51 0.65695
2 430 51 0.654575
2 431 51 0.65315
2 432 51 0.6535
2 433 51 0.655325
2 434 51 0.650425
2 435 51 0.65415
2 436 51 0.658
2 437 51 0.656875
2 438 51 0.656025
2 439 51 0.655175
2 440 51 0.6561
2 441 51 0.661475
2 442 51 0.65445
2 443 51 0.658875
2 444 51 0.659025
2 445 51 0.659875
2 446 51 0.661225
2 447 51 0.660475
2 448 51 0.6569
2 449 51 0.656675
2 450 51 0.65725
2 451 51 0.6591
2 452 51 0.660425
2 453 51 0.65855
2 454 51 0.659475
2 455 51 0.664275
2 456 51 0.662925
2 457 51 0.661025
2 458 51 0.663325
2 459 51 0.66205
2 460 51 0.662325
2 461 51 0.662525
2 462 51 0.6624
2 463 51 0.6614
2 464 51 0.66165
2 465 51 0.664025
2 466 51 0.6648
2 467 51 0.6662
2 468 51 0.665025
2 469 51 0.664025
2 470 51 0.66665
2 471 51 0.6677
2 472 51 0.666425
2 473 51 0.66485
2 474 51 0.666175
2 475 51 0.665675
2 476 51 0.667275
2 477 51 0.664275
2 478 51 0.667225
2 479 51 0.664175
2 480 51 0.666375
2 481 51 0.667875
2 482 51 0.665375
2 483 51 0.664125
2 484 51 0.667925
2 485 51 0.666
2 486 51 0.6651
2 487 51 0.67005
2 488 51 0.66955
2 489 51 0.66285
2 490 51 0.6694
2 491 51 0.6643
2 492 51 0.67005
2 493 51 0.666125
2 494 51 0.6667
2 495 51 0.6659
2 496 51 0.6699
2 497 51 0.6627
2 498 51 0.666975
2 499 51 0.6681
2 500 51 0.665425
2 501 51 0.664475
2 502 51 0.667
2 503 51 0.668575
2 504 51 0.6672
2 505 51 0.668925
2 506 51 0.6697
2 507 51 0.668875
2 508 51 0.670325
2 509 51 0.6701
2 510 51 0.6674
2 511 51 0.66965
2 512 51 0.673125
2 513 51 0.66955
2 514 51 0.670175
2 515 51 0.666275
2 516 51 0.6692
2 517 51 0.6694
2 518 51 0.66995
2 519 51 0.6692
2 520 51 0.670375
2 521 51 0.6676
2 522 51 0.66955
2 523 51 0.671975
2 524 51 0.67235
2 525 51 0.66745
2 526 51 0.672275
2 527 51 0.66725
2 528 51 0.669175
2 529 51 0.668925
2 530 51 0.67125
2 531 51 0.666825
2 532 51 0.668925
2 533 51 0.668725
2 534 51 0.669525
2 535 51 0.6683
2 536 51 0.669925
2 537 51 0.6662
2 538 51 0.670625
2 539 51 0.6709
2 540 51 0.67015
2 541 51 0.6698
2 542 51 0.66955
2 543 51 0.669725
2 544 51 0.6707
2 545 51 0.671825
2 546 51 0.66615
2 547 51 0.673075
2 548 51 0.67365
2 549 51 0.67165
2 550 51 0.668575
2 551 51 0.667325
2 552 51 0.667425
2 553 51 0.666975
2 554 51 0.666025
2 555 51 0.66675
2 556 51 0.670725
2 557 51 0.67205
2 558 51 0.66965
2 559 51 0.66865
2 560 51 0.66985
2 561 51 0.67225
2 562 51 0.670875
2 563 51 0.66965
2 564 51 0.673775
2 565 51 0.66765
2 566 51 0.67375
2 567 51 0.671275
2 568 51 0.6719
2 569 51 0.672975
2 570 51 0.676025
2 571 51 0.672775
2 572 51 0.674075
2 573 51 0.6702
2 574 51 0.669125
2 575 51 0.672
2 576 51 0.673225
2 577 51 0.674125
2 578 51 0.674175
2 579 51 0.673475
2 580 51 0.670975
2 581 51 0.6721
2 582 51 0.677025
2 583 51 0.67385
2 584 51 0.671925
2 585 51 0.67615
2 586 51 0.6716
2 587 51 0.6705
2 588 51 0.6736
2 589 51 0.675375
2 590 51 0.676175
2 591 51 0.672875
2 592 51 0.6733
2 593 51 0.67375
2 594 51 0.675875
2 595 51 0.674975
2 596 51 0.6778
2 597 51 0.675275
2 598 51 0.672275
2 599 51 0.675
2 600 51 0.6762
2 601 51 0.6769
2 602 51 0.679325
2 603 51 0.677125
2 604 51 0.678325
2 605 51 0.679075
2 606 51 0.67585
2 607 51 0.6767
2 608 51 0.6798
2 609 51 0.680875
2 610 51 0.6808
2 611 51 0.67635
2 612 51 0.677525
2 613 51 0.678525
2 614 51 0.674775
2 615 51 0.678425
2 616 51 0.677425
2 617 51 0.678575
2 618 51 0.6761
2 619 51 0.67945
2 620 51 0.679
2 621 51 0.6791
2 622 51 0.677075
2 623 51 0.675375
2 624 51 0.6782
2 625 51 0.68045
2 626 51 0.6757
2 627 51 0.678975
2 628 51 0.678
2 629 51 0.676275
2 630 51 0.683425
2 631 51 0.677425
2 632 51 0.677525
2 633 51 0.677275
2 634 51 0.6804
2 635 51 0.677025
2 636 51 0.681225
2 637 51 0.681975
2 638 51 0.677925
2 639 51 0.6773
2 640 51 0.6795
2 641 51 0.676425
2 642 51 0.675325
2 643 51 0.678275
2 644 51 0.67905
2 645 51 0.67795
2 646 51 0.68065
2 647 51 0.676225
2 648 51 0.67705
2 649 51 0.67565
2 650 51 0.6783
2 651 51 0.6788
2 652 51 0.676025
2 653 51 0.675875
2 654 51 0.676175
2 655 51 0.6781
2 656 51 0.6752
2 657 51 0.6787
2 658 51 0.6763
2 659 51 0.6798
2 660 51 0.6768
2 661 51 0.67705
2 662 51 0.6763
2 663 51 0.6806
2 664 51 0.675825
2 665 51 0.6794
2 666 51 0.678675
2 667 51 0.679375
2 668 51 0.677425
2 669 51 0.682225
2 670 51 0.67745
2 671 51 0.677375
2 672 51 0.6803
2 673 51 0.675875
2 674 51 0.67125
2 675 51 0.679475
2 676 51 0.6766
2 677 51 0.6787
2 678 51 0.679425
2 679 51 0.67965
2 680 51 0.68305
2 681 51 0.68015
2 682 51 0.679
2 683 51 0.678025
2 684 51 0.679175
2 685 51 0.67785
2 686 51 0.681125
2 687 51 0.678875
2 688 51 0.6823
2 689 51 0.683025
2 690 51 0.67905
2 691 51 0.685175
2 692 51 0.682725
2 693 51 0.680975
2 694 51 0.67955
2 695 51 0.680625
2 696 51 0.684
2 697 51 0.68105
2 698 51 0.6846
2 699 51 0.682275
2 700 51 0.6827
2 701 51 0.68105
2 702 51 0.685125
2 703 51 0.684525
2 704 51 0.68125
2 705 51 0.68485
2 706 51 0.6846
2 707 51 0.68225
2 708 51 0.682925
2 709 51 0.6786
2 710 51 0.680775
2 711 51 0.687325
2 712 51 0.686325
2 713 51 0.6872
2 714 51 0.682075
2 715 51 0.684
2 716 51 0.680775
2 717 51 0.68075
2 718 51 0.689
2 719 51 0.686775
2 720 51 0.685
2 721 51 0.682375
2 722 51 0.682825
2 723 51 0.6857
2 724 51 0.67795
2 725 51 0.68565
2 726 51 0.686625
2 727 51 0.6853
2 728 51 0.68515
2 729 51 0.68255
2 730 51 0.68685
2 731 51 0.683175
2 732 51 0.68775
2 733 51 0.687625
2 734 51 0.68725
2 735 51 0.684875
2 736 51 0.6901
2 737 51 0.6865
2 738 51 0.682975
2 739 51 0.685925
2 740 51 0.686825
2 741 51 0.687025
2 742 51 0.68655
2 743 51 0.68705
2 744 51 0.68615
2 745 51 0.6867
2 746 51 0.68555
2 747 51 0.6844
2 748 51 0.686425
2 749 51 0.688175
2 750 51 0.686325
2 751 51 0.6856
2 752 51 0.683725
2 753 51 0.6882
2 754 51 0.6857
2 755 51 0.684675
2 756 51 0.6875
2 757 51 0.6874
2 758 51 0.687925
2 759 51 0.68425
2 760 51 0.683125
2 761 51 0.688225
2 762 51 0.68955
2 763 51 0.68705
2 764 51 0.68775
2 765 51 0.68745
2 766 51 0.6849
2 767 51 0.683975
2 768 51 0.68565
2 769 51 0.685325
2 770 51 0.689675
2 771 51 0.687575
2 772 51 0.689025
2 773 51 0.68705
2 774 51 0.687625
2 775 51 0.689775
2 776 51 0.6863
2 777 51 0.683925
2 778 51 0.68215
2 779 51 0.678325
2 780 51 0.6838
2 781 51 0.682775
2 782 51 0.6852
2 783 51 0.681075
2 784 51 0.6806
2 785 51 0.6886
2 786 51 0.683525
2 787 51 0.686875
2 788 51 0.684225
2 789 51 0.68245
2 790 51 0.685725
2 791 51 0.68305
2 792 51 0.6827
2 793 51 0.685775
2 794 51 0.680925
2 795 51 0.683675
2 796 51 0.68315
2 797 51 0.681775
2 798 51 0.68565
2 799 51 0.68125
2 800 51 0.6812
2 801 51 0.68315
2 802 51 0.68455
2 803 51 0.67945
2 804 51 0.684875
2 805 51 0.684675
2 806 51 0.686625
2 807 51 0.686475
2 808 51 0.683725
2 809 51 0.682
2 810 51 0.685225
2 811 51 0.68575
2 812 51 0.686625
2 813 51 0.680325
2 814 51 0.6856
2 815 51 0.689725
2 816 51 0.679925
2 817 51 0.6853
2 818 51 0.68195
2 819 51 0.685775
2 820 51 0.686125
2 821 51 0.68745
2 822 51 0.680575
2 823 51 0.68555
2 824 51 0.681825
2 825 51 0.68165
2 826 51 0.68515
2 827 51 0.683325
2 828 51 0.683075
2 829 51 0.68275
2 830 51 0.687675
2 831 51 0.68805
2 832 51 0.68435
2 833 51 0.68455
2 834 51 0.684325
2 835 51 0.683225
2 836 51 0.68445
2 837 51 0.6858
2 838 51 0.689575
2 839 51 0.68415
2 840 51 0.685125
2 841 51 0.685575
2 842 51 0.68385
2 843 51 0.68305
2 844 51 0.685775
2 845 51 0.68345
2 846 51 0.6867
2 847 51 0.684175
2 848 51 0.68605
2 849 51 0.682125
2 850 51 0.6828
2 851 51 0.68685
2 852 51 0.688575
2 853 51 0.69035
2 854 51 0.685925
2 855 51 0.686475
2 856 51 0.684025
2 857 51 0.683
2 858 51 0.6858
2 859 51 0.685225
2 860 51 0.684475
2 861 51 0.684375
2 862 51 0.686425
2 863 51 0.6868
2 864 51 0.685575
2 865 51 0.6895
2 866 51 0.689425
2 867 51 0.684975
2 868 51 0.6889
2 869 51 0.685375
2 870 51 0.6863
2 871 51 0.685
2 872 51 0.69235
2 873 51 0.686075
2 874 51 0.692375
2 875 51 0.687575
2 876 51 0.68595
2 877 51 0.687175
2 878 51 0.6897
2 879 51 0.6841
2 880 51 0.686825
2 881 51 0.69135
2 882 51 0.690225
2 883 51 0.690625
2 884 51 0.686225
2 885 51 0.687275
2 886 51 0.6912
2 887 51 0.68945
2 888 51 0.69145
2 889 51 0.688125
2 890 51 0.6915
2 891 51 0.690075
2 892 51 0.693225
2 893 51 0.69285
2 894 51 0.692025
2 895 51 0.687
2 896 51 0.691575
2 897 51 0.69425
2 898 51 0.69435
2 899 51 0.691525
2 900 51 0.690525
2 901 51 0.693425
2 902 51 0.69105
2 903 51 0.694375
2 904 51 0.6936
2 905 51 0.690825
2 906 51 0.6914
2 907 51 0.692625
2 908 51 0.69055
2 909 51 0.6901
2 910 51 0.6899
2 911 51 0.697225
2 912 51 0.694375
2 913 51 0.689325
2 914 51 0.6911
2 915 51 0.691
2 916 51 0.692525
2 917 51 0.692075
2 918 51 0.691475
2 919 51 0.687475
2 920 51 0.6877
2 921 51 0.6959
2 922 51 0.69225
2 923 51 0.697825
2 924 51 0.694975
2 925 51 0.69155
2 926 51 0.6903
2 927 51 0.695675
2 928 51 0.69625
2 929 51 0.6933
2 930 51 0.695575
2 931 51 0.694275
2 932 51 0.696075
2 933 51 0.6924
2 934 51 0.6942
2 935 51 0.69525
2 936 51 0.6962
2 937 51 0.691425
2 938 51 0.69465
2 939 51 0.695625
2 940 51 0.691675
2 941 51 0.694075
2 942 51 0.696575
2 943 51 0.695975
2 944 51 0.695125
2 945 51 0.6971
2 946 51 0.69665
2 947 51 0.698625
2 948 51 0.698025
2 949 51 0.698375
2 950 51 0.694575
2 951 51 0.694775
2 952 51 0.69435
2 953 51 0.6992
2 954 51 0.695925
2 955 51 0.696625
2 956 51 0.69225
2 957 51 0.695125
2 958 51 0.697375
2 959 51 0.696175
2 960 51 0.69455
2 961 51 0.694
2 962 51 0.695325
2 963 51 0.69935
2 964 51 0.699025
2 965 51 0.70105
2 966 51 0.6975
2 967 51 0.6983
2 968 51 0.693075
2 969 51 0.699125
2 970 51 0.702
2 971 51 0.694575
2 972 51 0.698175
2 973 51 0.6987
2 974 51 0.698525
2 975 51 0.700925
2 976 51 0.69625
2 977 51 0.69945
2 978 51 0.696125
2 979 51 0.696875
2 980 51 0.6989
2 981 51 0.6977
2 982 51 0.6986
2 983 51 0.701075
2 984 51 0.694775
2 985 51 0.70205
2 986 51 0.7006
2 987 51 0.6991
2 988 51 0.697125
2 989 51 0.7003
2 990 51 0.6979
2 991 51 0.697925
2 992 51 0.6962
2 993 51 0.69465
2 994 51 0.69495
2 995 51 0.70075
2 996 51 0.697025
2 997 51 0.69795
2 998 51 0.6934
2 999 51 0.694325
2 1000 51 0.694
