1 1 501 0.440462
1 2 501 0.3959
1 3 501 0.482375
1 4 501 0.556775
1 5 501 0.537325
1 6 501 0.519575
1 7 501 0.5446
1 8 501 0.527925
1 9 501 0.5101
1 10 501 0.522775
1 11 501 0.51305
1 12 501 0.50085
1 13 501 0.488275
1 14 501 0.4998
1 15 501 0.5032
1 16 501 0.507225
1 17 501 0.520425
1 18 501 0.527525
1 19 501 0.53595
1 20 501 0.547325
1 21 501 0.545575
1 22 501 0.548675
1 23 501 0.558525
1 24 501 0.558675
1 25 501 0.564125
1 26 501 0.565025
1 27 501 0.56525
1 28 501 0.569125
1 29 501 0.5662
1 30 501 0.5608
1 31 501 0.55265
1 32 501 0.547525
1 33 501 0.5482
1 34 501 0.54145
1 35 501 0.54095
1 36 501 0.53735
1 37 501 0.543825
1 38 501 0.544825
1 39 501 0.5499
1 40 501 0.54995
1 41 501 0.547925
1 42 501 0.553475
1 43 501 0.55435
1 44 501 0.552025
1 45 501 0.55265
1 46 501 0.56085
1 47 501 0.5576
1 48 501 0.560675
1 49 501 0.559625
1 50 501 0.5648
1 51 501 0.56725
1 52 501 0.57035
1 53 501 0.574825
1 54 501 0.575625
1 55 501 0.576725
1 56 501 0.58005
1 57 501 0.5826
1 58 501 0.582725
1 59 501 0.58525
1 60 501 0.5878
1 61 501 0.5873
1 62 501 0.588375
1 63 501 0.590075
1 64 501 0.5886
1 65 501 0.587925
1 66 501 0.58885
1 67 501 0.588375
1 68 501 0.582325
1 69 501 0.5834
1 70 501 0.585925
1 71 501 0.583
1 72 501 0.587725
1 73 501 0.58565
1 74 501 0.585675
1 75 501 0.584625
1 76 501 0.58225
1 77 501 0.58205
1 78 501 0.581125
1 79 501 0.5839
1 80 501 0.58225
1 81 501 0.58655
1 82 501 0.587325
1 83 501 0.58545
1 84 501 0.58515
1 85 501 0.584975
1 86 501 0.5917
1 87 501 0.5894
1 88 501 0.593925
1 89 501 0.590125
1 90 501 0.5927
1 91 501 0.593675
1 92 501 0.598225
1 93 501 0.597025
1 94 501 0.602325
1 95 501 0.600525
1 96 501 0.6019
1 97 501 0.60245
1 98 501 0.605325
1 99 501 0.6099
1 100 501 0.608625
1 101 501 0.6084
1 102 501 0.609925
1 103 501 0.60895
1 104 501 0.61195
1 105 501 0.606825
1 106 501 0.6113
1 107 501 0.609925
1 108 501 0.6133
1 109 501 0.611425
1 110 501 0.612275
1 111 501 0.6098
1 112 501 0.6111
1 113 501 0.611025
1 114 501 0.607175
1 115 501 0.608125
1 116 501 0.606475
1 117 501 0.609375
1 118 501 0.6085
1 119 501 0.61155
1 120 501 0.60775
1 121 501 0.61
1 122 501 0.60925
1 123 501 0.60755
1 124 501 0.609075
1 125 501 0.6138
1 126 501 0.608925
1 127 501 0.610075
1 128 501 0.61045
1 129 501 0.61115
1 130 501 0.611125
1 131 501 0.61165
1 132 501 0.6155
1 133 501 0.61165
1 134 501 0.612325
1 135 501 0.6135
1 136 501 0.6154
1 137 501 0.617725
1 138 501 0.617725
1 139 501 0.620375
1 140 501 0.618775
1 141 501 0.620075
1 142 501 0.622425
1 143 501 0.617175
1 144 501 0.621325
1 145 501 0.622325
1 146 501 0.6253
1 147 501 0.622925
1 148 501 0.627625
1 149 501 0.6238
1 150 501 0.6238
1 151 501 0.624225
1 152 501 0.630625
1 153 501 0.628425
1 154 501 0.62865
1 155 501 0.630075
1 156 501 0.628325
1 157 501 0.62805
1 158 501 0.631825
1 159 501 0.62875
1 160 501 0.62855
1 161 501 0.63195
1 162 501 0.630225
1 163 501 0.63415
1 164 501 0.63525
1 165 501 0.631725
1 166 501 0.632825
1 167 501 0.632775
1 168 501 0.634175
1 169 501 0.633775
1 170 501 0.63325
1 171 501 0.63455
1 172 501 0.634825
1 173 501 0.637375
1 174 501 0.6362
1 175 501 0.630275
1 176 501 0.6349
1 177 501 0.63565
1 178 501 0.631975
1 179 501 0.632675
1 180 501 0.629675
1 181 501 0.63195
1 182 501 0.63135
1 183 501 0.634075
1 184 501 0.636175
1 185 501 0.6329
1 186 501 0.634575
1 187 501 0.637825
1 188 501 0.6328
1 189 501 0.633225
1 190 501 0.634225
1 191 501 0.636775
1 192 501 0.6357
1 193 501 0.639625
1 194 501 0.637225
1 195 501 0.633475
1 196 501 0.64115
1 197 501 0.637275
1 198 501 0.6418
1 199 501 0.640625
1 200 501 0.643325
1 201 501 0.640575
1 202 501 0.63865
1 203 501 0.642025
1 204 501 0.644575
1 205 501 0.642475
1 206 501 0.6417
1 207 501 0.642
1 208 501 0.64535
1 209 501 0.640825
1 210 501 0.643
1 211 501 0.6469
1 212 501 0.644275
1 213 501 0.642625
1 214 501 0.645825
1 215 501 0.648225
1 216 501 0.64545
1 217 501 0.6444
1 218 501 0.64915
1 219 501 0.648525
1 220 501 0.64885
1 221 501 0.64585
1 222 501 0.648525
1 223 501 0.648725
1 224 501 0.6493
1 225 501 0.647325
1 226 501 0.6456
1 227 501 0.653875
1 228 501 0.64995
1 229 501 0.6505
1 230 501 0.65225
1 231 501 0.651325
1 232 501 0.6479
1 233 501 0.65165
1 234 501 0.64805
1 235 501 0.65485
1 236 501 0.6501
1 237 501 0.651575
1 238 501 0.652525
1 239 501 0.6527
1 240 501 0.654425
1 241 501 0.6542
1 242 501 0.65595
1 243 501 0.652675
1 244 501 0.653575
1 245 501 0.655875
1 246 501 0.652075
1 247 501 0.656375
1 248 501 0.658975
1 249 501 0.658875
1 250 501 0.657775
1 251 501 0.657825
1 252 501 0.6554
1 253 501 0.65615
1 254 501 0.65885
1 255 501 0.658275
1 256 501 0.658875
1 257 501 0.658475
1 258 501 0.659425
1 259 501 0.6582
1 260 501 0.6624
1 261 501 0.65955
1 262 501 0.65705
1 263 501 0.657475
1 264 501 0.660025
1 265 501 0.659
1 266 501 0.658625
1 267 501 0.66015
1 268 501 0.659075
1 269 501 0.65865
1 270 501 0.661025
1 271 501 0.659175
1 272 501 0.6575
1 273 501 0.660025
1 274 501 0.659875
1 275 501 0.6611
1 276 501 0.662025
1 277 501 0.662575
1 278 501 0.663275
1 279 501 0.65965
1 280 501 0.665175
1 281 501 0.66305
1 282 501 0.662175
1 283 501 0.66375
1 284 501 0.665625
1 285 501 0.6601
1 286 501 0.662525
1 287 501 0.661425
1 288 501 0.666325
1 289 501 0.665175
1 290 501 0.663675
1 291 501 0.66335
1 292 501 0.661775
1 293 501 0.66695
1 294 501 0.664475
1 295 501 0.66725
1 296 501 0.66255
1 297 501 0.666275
1 298 501 0.6632
1 299 501 0.666825
1 300 501 0.664775
1 301 501 0.66385
1 302 501 0.667725
1 303 501 0.664775
1 304 501 0.66735
1 305 501 0.666625
1 306 501 0.66935
1 307 501 0.667525
1 308 501 0.664175
1 309 501 0.66715
1 310 501 0.668175
1 311 501 0.666775
1 312 501 0.666775
1 313 501 0.66855
1 314 501 0.668425
1 315 501 0.67015
1 316 501 0.667975
1 317 501 0.6702
1 318 501 0.6707
1 319 501 0.668375
1 320 501 0.6693
1 321 501 0.669425
1 322 501 0.67355
1 323 501 0.66635
1 324 501 0.67235
1 325 501 0.6704
1 326 501 0.67325
1 327 501 0.67135
1 328 501 0.67105
1 329 501 0.674425
1 330 501 0.671925
1 331 501 0.673125
1 332 501 0.672
1 333 501 0.672375
1 334 501 0.6718
1 335 501 0.675175
1 336 501 0.675225
1 337 501 0.675075
1 338 501 0.673625
1 339 501 0.673025
1 340 501 0.672925
1 341 501 0.67595
1 342 501 0.678075
1 343 501 0.6716
1 344 501 0.677475
1 345 501 0.677375
1 346 501 0.679375
1 347 501 0.67535
1 348 501 0.67855
1 349 501 0.6775
1 350 501 0.678325
1 351 501 0.678625
1 352 501 0.6787
1 353 501 0.675025
1 354 501 0.6778
1 355 501 0.6799
1 356 501 0.676575
1 357 501 0.67885
1 358 501 0.6776
1 359 501 0.6785
1 360 501 0.678525
1 361 501 0.67585
1 362 501 0.681025
1 363 501 0.6763
1 364 501 0.67895
1 365 501 0.6791
1 366 501 0.677625
1 367 501 0.68105
1 368 501 0.678325
1 369 501 0.67885
1 370 501 0.6807
1 371 501 0.678225
1 372 501 0.680775
1 373 501 0.680825
1 374 501 0.679925
1 375 501 0.677725
1 376 501 0.67905
1 377 501 0.67955
1 378 501 0.68115
1 379 501 0.6795
1 380 501 0.683975
1 381 501 0.684125
1 382 501 0.683875
1 383 501 0.686575
1 384 501 0.68035
1 385 501 0.68625
1 386 501 0.684125
1 387 501 0.684125
1 388 501 0.68015
1 389 501 0.6841
1 390 501 0.6832
1 391 501 0.6815
1 392 501 0.684125
1 393 501 0.685775
1 394 501 0.68455
1 395 501 0.682625
1 396 501 0.686375
1 397 501 0.68725
1 398 501 0.6857
1 399 501 0.682625
1 400 501 0.6871
1 401 501 0.6816
1 402 501 0.687825
1 403 501 0.6873
1 404 501 0.685375
1 405 501 0.68675
1 406 501 0.6872
1 407 501 0.685225
1 408 501 0.684625
1 409 501 0.685825
1 410 501 0.687825
1 411 501 0.687075
1 412 501 0.68825
1 413 501 0.68695
1 414 501 0.692425
1 415 501 0.688525
1 416 501 0.687225
1 417 501 0.689975
1 418 501 0.6889
1 419 501 0.688325
1 420 501 0.6876
1 421 501 0.689975
1 422 501 0.688625
1 423 501 0.6919
1 424 501 0.6889
1 425 501 0.690825
1 426 501 0.692025
1 427 501 0.68635
1 428 501 0.6898
1 429 501 0.688725
1 430 501 0.6906
1 431 501 0.693725
1 432 501 0.6892
1 433 501 0.688975
1 434 501 0.6935
1 435 501 0.6931
1 436 501 0.693975
1 437 501 0.6911
1 438 501 0.6935
1 439 501 0.694925
1 440 501 0.695175
1 441 501 0.6962
1 442 501 0.694475
1 443 501 0.69435
1 444 501 0.692375
1 445 501 0.69595
1 446 501 0.6929
1 447 501 0.6913
1 448 501 0.690925
1 449 501 0.693825
1 450 501 0.694025
1 451 501 0.693775
1 452 501 0.69435
1 453 501 0.69815
1 454 501 0.69255
1 455 501 0.694775
1 456 501 0.6932
1 457 501 0.69145
1 458 501 0.69735
1 459 501 0.69815
1 460 501 0.696875
1 461 501 0.692425
1 462 501 0.693725
1 463 501 0.694575
1 464 501 0.696
1 465 501 0.6964
1 466 501 0.69975
1 467 501 0.695475
1 468 501 0.700625
1 469 501 0.702125
1 470 501 0.698825
1 471 501 0.69805
1 472 501 0.698175
1 473 501 0.699025
1 474 501 0.698525
1 475 501 0.7022
1 476 501 0.698975
1 477 501 0.69995
1 478 501 0.701725
1 479 501 0.699925
1 480 501 0.70075
1 481 501 0.7023
1 482 501 0.702275
1 483 501 0.699725
1 484 501 0.70405
1 485 501 0.700375
1 486 501 0.700975
1 487 501 0.700125
1 488 501 0.7043
1 489 501 0.6998
1 490 501 0.70275
1 491 501 0.70385
1 492 501 0.702225
1 493 501 0.702025
1 494 501 0.705675
1 495 501 0.702075
1 496 501 0.7032
1 497 501 0.7031
1 498 501 0.701725
1 499 501 0.703575
1 500 501 0.706625
1 501 501 0.702675
1 502 501 0.707975
1 503 501 0.705775
1 504 501 0.7083
1 505 501 0.706125
1 506 501 0.705875
1 507 501 0.70725
1 508 501 0.705725
1 509 501 0.708775
1 510 501 0.705375
1 511 501 0.707425
1 512 501 0.70695
1 513 501 0.706325
1 514 501 0.708
1 515 501 0.70415
1 516 501 0.705525
1 517 501 0.706
1 518 501 0.7062
1 519 501 0.7064
1 520 501 0.705225
1 521 501 0.702825
1 522 501 0.7086
1 523 501 0.708525
1 524 501 0.7057
1 525 501 0.708675
1 526 501 0.705775
1 527 501 0.7081
1 528 501 0.7077
1 529 501 0.711625
1 530 501 0.70595
1 531 501 0.7063
1 532 501 0.709775
1 533 501 0.708775
1 534 501 0.70815
1 535 501 0.706775
1 536 501 0.71035
1 537 501 0.710425
1 538 501 0.707275
1 539 501 0.70875
1 540 501 0.706225
1 541 501 0.71
1 542 501 0.70595
1 543 501 0.709575
1 544 501 0.707625
1 545 501 0.7071
1 546 501 0.70805
1 547 501 0.708525
1 548 501 0.71015
1 549 501 0.7102
1 550 501 0.71045
1 551 501 0.7104
1 552 501 0.7074
1 553 501 0.710425
1 554 501 0.70785
1 555 501 0.7131
1 556 501 0.7085
1 557 501 0.709
1 558 501 0.706975
1 559 501 0.709175
1 560 501 0.7097
1 561 501 0.7114
1 562 501 0.7086
1 563 501 0.710725
1 564 501 0.7073
1 565 501 0.705175
1 566 501 0.709275
1 567 501 0.70855
1 568 501 0.710925
1 569 501 0.709175
1 570 501 0.709325
1 571 501 0.71075
1 572 501 0.709625
1 573 501 0.7106
1 574 501 0.7094
1 575 501 0.71135
1 576 501 0.71145
1 577 501 0.708625
1 578 501 0.7091
1 579 501 0.7098
1 580 501 0.712675
1 581 501 0.7111
1 582 501 0.71245
1 583 501 0.70975
1 584 501 0.710125
1 585 501 0.70785
1 586 501 0.708725
1 587 501 0.710775
1 588 501 0.71375
1 589 501 0.71185
1 590 501 0.710775
1 591 501 0.714
1 592 501 0.711175
1 593 501 0.7165
1 594 501 0.713275
1 595 501 0.713
1 596 501 0.708975
1 597 501 0.710675
1 598 501 0.7132
1 599 501 0.71595
1 600 501 0.71345
1 601 501 0.7109
1 602 501 0.7123
1 603 501 0.7096
1 604 501 0.70905
1 605 501 0.712075
1 606 501 0.71235
1 607 501 0.714575
1 608 501 0.71225
1 609 501 0.714775
1 610 501 0.712425
1 611 501 0.71485
1 612 501 0.7159
1 613 501 0.713675
1 614 501 0.71365
1 615 501 0.7131
1 616 501 0.714
1 617 501 0.712025
1 618 501 0.715425
1 619 501 0.7138
1 620 501 0.7127
1 621 501 0.713575
1 622 501 0.716
1 623 501 0.713425
1 624 501 0.7142
1 625 501 0.71065
1 626 501 0.7148
1 627 501 0.7143
1 628 501 0.71755
1 629 501 0.711775
1 630 501 0.7152
1 631 501 0.71315
1 632 501 0.71595
1 633 501 0.7125
1 634 501 0.7187
1 635 501 0.71495
1 636 501 0.71405
1 637 501 0.717925
1 638 501 0.715125
1 639 501 0.713275
1 640 501 0.7169
1 641 501 0.71355
1 642 501 0.7147
1 643 501 0.715825
1 644 501 0.71495
1 645 501 0.71495
1 646 501 0.71945
1 647 501 0.71855
1 648 501 0.715875
1 649 501 0.71875
1 650 501 0.71885
1 651 501 0.717825
1 652 501 0.7183
1 653 501 0.7152
1 654 501 0.717475
1 655 501 0.71545
1 656 501 0.71805
1 657 501 0.71605
1 658 501 0.71895
1 659 501 0.71495
1 660 501 0.715625
1 661 501 0.720425
1 662 501 0.717875
1 663 501 0.71865
1 664 501 0.71465
1 665 501 0.716575
1 666 501 0.715675
1 667 501 0.7196
1 668 501 0.720125
1 669 501 0.716475
1 670 501 0.7189
1 671 501 0.717875
1 672 501 0.71905
1 673 501 0.7191
1 674 501 0.719
1 675 501 0.719975
1 676 501 0.717975
1 677 501 0.71905
1 678 501 0.7186
1 679 501 0.717375
1 680 501 0.718
1 681 501 0.719175
1 682 501 0.720775
1 683 501 0.7204
1 684 501 0.7191
1 685 501 0.720275
1 686 501 0.7201
1 687 501 0.717
1 688 501 0.720875
1 689 501 0.719075
1 690 501 0.7177
1 691 501 0.719375
1 692 501 0.7181
1 693 501 0.716975
1 694 501 0.7194
1 695 501 0.719825
1 696 501 0.71985
1 697 501 0.720025
1 698 501 0.722975
1 699 501 0.719375
1 700 501 0.7209
1 701 501 0.72205
1 702 501 0.72065
1 703 501 0.7202
1 704 501 0.7181
1 705 501 0.72125
1 706 501 0.7222
1 707 501 0.72215
1 708 501 0.720175
1 709 501 0.7202
1 710 501 0.7226
1 711 501 0.7208
1 712 501 0.71865
1 713 501 0.71795
1 714 501 0.7199
1 715 501 0.72155
1 716 501 0.72
1 717 501 0.72535
1 718 501 0.7224
1 719 501 0.723225
1 720 501 0.72305
1 721 501 0.71975
1 722 501 0.721275
1 723 501 0.724225
1 724 501 0.721075
1 725 501 0.7202
1 726 501 0.722375
1 727 501 0.72175
1 728 501 0.725875
1 729 501 0.7232
1 730 501 0.72485
1 731 501 0.71995
1 732 501 0.72435
1 733 501 0.722225
1 734 501 0.7254
1 735 501 0.724925
1 736 501 0.72275
1 737 501 0.72185
1 738 501 0.72365
1 739 501 0.7213
1 740 501 0.722425
1 741 501 0.724825
1 742 501 0.72405
1 743 501 0.723025
1 744 501 0.7235
1 745 501 0.7202
1 746 501 0.723675
1 747 501 0.722425
1 748 501 0.724225
1 749 501 0.7248
1 750 501 0.726625
1 751 501 0.723725
1 752 501 0.722675
1 753 501 0.72185
1 754 501 0.7242
1 755 501 0.723925
1 756 501 0.726025
1 757 501 0.7224
1 758 501 0.7258
1 759 501 0.724125
1 760 501 0.727275
1 761 501 0.728825
1 762 501 0.724225
1 763 501 0.72445
1 764 501 0.725825
1 765 501 0.723475
1 766 501 0.72415
1 767 501 0.7255
1 768 501 0.72705
1 769 501 0.725575
1 770 501 0.727975
1 771 501 0.7272
1 772 501 0.7247
1 773 501 0.7262
1 774 501 0.7256
1 775 501 0.726025
1 776 501 0.728825
1 777 501 0.723325
1 778 501 0.72775
1 779 501 0.7281
1 780 501 0.725725
1 781 501 0.7273
1 782 501 0.7258
1 783 501 0.727375
1 784 501 0.727275
1 785 501 0.7259
1 786 501 0.7266
1 787 501 0.729175
1 788 501 0.728525
1 789 501 0.727875
1 790 501 0.727275
1 791 501 0.727825
1 792 501 0.728475
1 793 501 0.726725
1 794 501 0.727325
1 795 501 0.731325
1 796 501 0.72805
1 797 501 0.727975
1 798 501 0.7305
1 799 501 0.72825
1 800 501 0.731425
1 801 501 0.728925
1 802 501 0.729275
1 803 501 0.731725
1 804 501 0.7282
1 805 501 0.73135
1 806 501 0.72725
1 807 501 0.728575
1 808 501 0.730175
1 809 501 0.7294
1 810 501 0.72985
1 811 501 0.7316
1 812 501 0.73185
1 813 501 0.729975
1 814 501 0.731775
1 815 501 0.732075
1 816 501 0.731725
1 817 501 0.726525
1 818 501 0.72935
1 819 501 0.730825
1 820 501 0.731325
1 821 501 0.727825
1 822 501 0.729925
1 823 501 0.7288
1 824 501 0.733
1 825 501 0.730225
1 826 501 0.731475
1 827 501 0.726875
1 828 501 0.731375
1 829 501 0.73305
1 830 501 0.73005
1 831 501 0.73095
1 832 501 0.73255
1 833 501 0.731225
1 834 501 0.73265
1 835 501 0.730375
1 836 501 0.73005
1 837 501 0.7322
1 838 501 0.728125
1 839 501 0.729475
1 840 501 0.73065
1 841 501 0.73185
1 842 501 0.73205
1 843 501 0.73485
1 844 501 0.72995
1 845 501 0.732575
1 846 501 0.730525
1 847 501 0.73335
1 848 501 0.73215
1 849 501 0.73325
1 850 501 0.7345
1 851 501 0.734425
1 852 501 0.73715
1 853 501 0.7331
1 854 501 0.733075
1 855 501 0.73425
1 856 501 0.735125
1 857 501 0.734425
1 858 501 0.735125
1 859 501 0.735425
1 860 501 0.733725
1 861 501 0.7346
1 862 501 0.7334
1 863 501 0.73555
1 864 501 0.735525
1 865 501 0.73665
1 866 501 0.7348
1 867 501 0.73645
1 868 501 0.734775
1 869 501 0.735325
1 870 501 0.7353
1 871 501 0.73305
1 872 501 0.734125
1 873 501 0.7349
1 874 501 0.736925
1 875 501 0.734875
1 876 501 0.736375
1 877 501 0.736725
1 878 501 0.7355
1 879 501 0.735825
1 880 501 0.738125
1 881 501 0.7368
1 882 501 0.737425
1 883 501 0.7364
1 884 501 0.738475
1 885 501 0.7349
1 886 501 0.73465
1 887 501 0.73795
1 888 501 0.737325
1 889 501 0.736975
1 890 501 0.73935
1 891 501 0.737175
1 892 501 0.73905
1 893 501 0.7393
1 894 501 0.739325
1 895 501 0.738025
1 896 501 0.738
1 897 501 0.73685
1 898 501 0.74105
1 899 501 0.7391
1 900 501 0.737825
1 901 501 0.739275
1 902 501 0.737525
1 903 501 0.7389
1 904 501 0.736325
1 905 501 0.74045
1 906 501 0.740525
1 907 501 0.7385
1 908 501 0.739275
1 909 501 0.7382
1 910 501 0.737775
1 911 501 0.74035
1 912 501 0.737775
1 913 501 0.740275
1 914 501 0.741275
1 915 501 0.739625
1 916 501 0.7403
1 917 501 0.73675
1 918 501 0.739825
1 919 501 0.73865
1 920 501 0.7405
1 921 501 0.740875
1 922 501 0.73745
1 923 501 0.7393
1 924 501 0.74145
1 925 501 0.741175
1 926 501 0.73965
1 927 501 0.74105
1 928 501 0.741675
1 929 501 0.741625
1 930 501 0.7418
1 931 501 0.743525
1 932 501 0.743225
1 933 501 0.743275
1 934 501 0.74125
1 935 501 0.744525
1 936 501 0.74115
1 937 501 0.7428
1 938 501 0.74445
1 939 501 0.7458
1 940 501 0.743025
1 941 501 0.740775
1 942 501 0.7395
1 943 501 0.743125
1 944 501 0.742325
1 945 501 0.74395
1 946 501 0.7437
1 947 501 0.74235
1 948 501 0.742175
1 949 501 0.7429
1 950 501 0.742775
1 951 501 0.741175
1 952 501 0.740375
1 953 501 0.74595
1 954 501 0.74565
1 955 501 0.745025
1 956 501 0.744625
1 957 501 0.741725
1 958 501 0.7462
1 959 501 0.744075
1 960 501 0.74385
1 961 501 0.746925
1 962 501 0.745025
1 963 501 0.744175
1 964 501 0.744375
1 965 501 0.7454
1 966 501 0.7473
1 967 501 0.742475
1 968 501 0.745075
1 969 501 0.745775
1 970 501 0.749175
1 971 501 0.745875
1 972 501 0.744
1 973 501 0.747475
1 974 501 0.748525
1 975 501 0.7472
1 976 501 0.746325
1 977 501 0.7496
1 978 501 0.747175
1 979 501 0.74885
1 980 501 0.748075
1 981 501 0.74775
1 982 501 0.74875
1 983 501 0.748675
1 984 501 0.74875
1 985 501 0.746725
1 986 501 0.74725
1 987 501 0.74755
1 988 501 0.74795
1 989 501 0.75095
1 990 501 0.7488
1 991 501 0.7481
1 992 501 0.750225
1 993 501 0.747975
1 994 501 0.7476
1 995 501 0.7517
1 996 501 0.748975
1 997 501 0.748275
1 998 501 0.751175
1 999 501 0.7518
1 1000 501 0.751025
2 1 501 0.436725
2 2 501 0.398025
2 3 501 0.484375
2 4 501 0.556025
2 5 501 0.528075
2 6 501 0.521
2 7 501 0.54545
2 8 501 0.52755
2 9 501 0.506575
2 10 501 0.51905
2 11 501 0.51385
2 12 501 0.507075
2 13 501 0.483925
2 14 501 0.501625
2 15 501 0.500475
2 16 501 0.509
2 17 501 0.52135
2 18 501 0.5267
2 19 501 0.537075
2 20 501 0.544875
2 21 501 0.546575
2 22 501 0.553925
2 23 501 0.554975
2 24 501 0.56075
2 25 501 0.563725
2 26 501 0.56675
2 27 501 0.568075
2 28 501 0.56555
2 29 501 0.563875
2 30 501 0.558525
2 31 501 0.55355
2 32 501 0.547025
2 33 501 0.545325
2 34 501 0.543875
2 35 501 0.54065
2 36 501 0.53715
2 37 501 0.54705
2 38 501 0.543725
2 39 501 0.546975
2 40 501 0.548575
2 41 501 0.553325
2 42 501 0.550875
2 43 501 0.5499
2 44 501 0.5536
2 45 501 0.553175
2 46 501 0.5537
2 47 501 0.559225
2 48 501 0.561925
2 49 501 0.565275
2 50 501 0.5635
2 51 501 0.5674
2 52 501 0.571125
2 53 501 0.57375
2 54 501 0.574025
2 55 501 0.579725
2 56 501 0.5776
2 57 501 0.5834
2 58 501 0.5849
2 59 501 0.586225
2 60 501 0.583925
2 61 501 0.584525
2 62 501 0.591525
2 63 501 0.587425
2 64 501 0.591725
2 65 501 0.587775
2 66 501 0.58225
2 67 501 0.58525
2 68 501 0.5871
2 69 501 0.58585
2 70 501 0.588925
2 71 501 0.58565
2 72 501 0.58375
2 73 501 0.589575
2 74 501 0.58225
2 75 501 0.590025
2 76 501 0.58265
2 77 501 0.5836
2 78 501 0.584025
2 79 501 0.58705
2 80 501 0.585325
2 81 501 0.58565
2 82 501 0.588175
2 83 501 0.585675
2 84 501 0.585875
2 85 501 0.587675
2 86 501 0.587775
2 87 501 0.589675
2 88 501 0.591425
2 89 501 0.593625
2 90 501 0.593125
2 91 501 0.59535
2 92 501 0.59985
2 93 501 0.59865
2 94 501 0.60035
2 95 501 0.60145
2 96 501 0.603925
2 97 501 0.601575
2 98 501 0.609225
2 99 501 0.60895
2 100 501 0.607175
2 101 501 0.60735
2 102 501 0.60905
2 103 501 0.611725
2 104 501 0.611675
2 105 501 0.610925
2 106 501 0.61015
2 107 501 0.61435
2 108 501 0.6156
2 109 501 0.6148
2 110 501 0.614425
2 111 501 0.61065
2 112 501 0.61155
2 113 501 0.61345
2 114 501 0.6079
2 115 501 0.602625
2 116 501 0.612025
2 117 501 0.609025
2 118 501 0.60925
2 119 501 0.613175
2 120 501 0.611325
2 121 501 0.6072
2 122 501 0.60775
2 123 501 0.60645
2 124 501 0.6095
2 125 501 0.6075
2 126 501 0.607175
2 127 501 0.61325
2 128 501 0.6114
2 129 501 0.6086
2 130 501 0.613975
2 131 501 0.61585
2 132 501 0.613575
2 133 501 0.6131
2 134 501 0.614425
2 135 501 0.61665
2 136 501 0.618125
2 137 501 0.62035
2 138 501 0.6162
2 139 501 0.619625
2 140 501 0.62105
2 141 501 0.621925
2 142 501 0.62095
2 143 501 0.6213
2 144 501 0.623875
2 145 501 0.62695
2 146 501 0.624375
2 147 501 0.625775
2 148 501 0.624725
2 149 501 0.6263
2 150 501 0.626325
2 151 501 0.629675
2 152 501 0.62745
2 153 501 0.62915
2 154 501 0.632325
2 155 501 0.629625
2 156 501 0.6279
2 157 501 0.633925
2 158 501 0.62825
2 159 501 0.627075
2 160 501 0.632575
2 161 501 0.631
2 162 501 0.628475
2 163 501 0.63335
2 164 501 0.634125
2 165 501 0.63605
2 166 501 0.635575
2 167 501 0.6334
2 168 501 0.630525
2 169 501 0.63525
2 170 501 0.63625
2 171 501 0.6372
2 172 501 0.633975
2 173 501 0.631775
2 174 501 0.638125
2 175 501 0.633
2 176 501 0.633875
2 177 501 0.63325
2 178 501 0.635575
2 179 501 0.6324
2 180 501 0.6332
2 181 501 0.630175
2 182 501 0.632325
2 183 501 0.636425
2 184 501 0.63625
2 185 501 0.634925
2 186 501 0.633925
2 187 501 0.63875
2 188 501 0.633925
2 189 501 0.6346
2 190 501 0.635925
2 191 501 0.635625
2 192 501 0.63725
2 193 501 0.636575
2 194 501 0.640775
2 195 501 0.635375
2 196 501 0.6396
2 197 501 0.6395
2 198 501 0.6379
2 199 501 0.640225
2 200 501 0.6422
2 201 501 0.640575
2 202 501 0.64295
2 203 501 0.6446
2 204 501 0.644125
2 205 501 0.6385
2 206 501 0.64505
2 207 501 0.64275
2 208 501 0.642675
2 209 501 0.642075
2 210 501 0.64025
2 211 501 0.64365
2 212 501 0.644475
2 213 501 0.64625
2 214 501 0.645025
2 215 501 0.644525
2 216 501 0.64545
2 217 501 0.6444
2 218 501 0.646175
2 219 501 0.644325
2 220 501 0.646075
2 221 501 0.6468
2 222 501 0.646925
2 223 501 0.649
2 224 501 0.648875
2 225 501 0.65
2 226 501 0.645275
2 227 501 0.6458
2 228 501 0.650325
2 229 501 0.652925
2 230 501 0.649225
2 231 501 0.648925
2 232 501 0.652275
2 233 501 0.65305
2 234 501 0.65045
2 235 501 0.653725
2 236 501 0.653675
2 237 501 0.654625
2 238 501 0.65115
2 239 501 0.65335
2 240 501 0.65115
2 241 501 0.65375
2 242 501 0.652125
2 243 501 0.653725
2 244 501 0.652025
2 245 501 0.652825
2 246 501 0.65605
2 247 501 0.657975
2 248 501 0.654375
2 249 501 0.657575
2 250 501 0.6607
2 251 501 0.653775
2 252 501 0.659175
2 253 501 0.656575
2 254 501 0.6575
2 255 501 0.661475
2 256 501 0.66075
2 257 501 0.65715
2 258 501 0.65635
2 259 501 0.658425
2 260 501 0.65615
2 261 501 0.660975
2 262 501 0.656775
2 263 501 0.658225
2 264 501 0.6592
2 265 501 0.6584
2 266 501 0.661975
2 267 501 0.6619
2 268 501 0.657425
2 269 501 0.6581
2 270 501 0.6611
2 271 501 0.659525
2 272 501 0.66085
2 273 501 0.661075
2 274 501 0.6604
2 275 501 0.6638
2 276 501 0.660325
2 277 501 0.6618
2 278 501 0.660825
2 279 501 0.65615
2 280 501 0.6614
2 281 501 0.662275
2 282 501 0.6648
2 283 501 0.66145
2 284 501 0.66415
2 285 501 0.66345
2 286 501 0.659975
2 287 501 0.660325
2 288 501 0.6623
2 289 501 0.663825
2 290 501 0.666825
2 291 501 0.664
2 292 501 0.663725
2 293 501 0.66235
2 294 501 0.6623
2 295 501 0.667
2 296 501 0.66935
2 297 501 0.665275
2 298 501 0.6675
2 299 501 0.662075
2 300 501 0.6677
2 301 501 0.664075
2 302 501 0.66815
2 303 501 0.66625
2 304 501 0.66685
2 305 501 0.6652
2 306 501 0.668025
2 307 501 0.66615
2 308 501 0.665325
2 309 501 0.666925
2 310 501 0.665125
2 311 501 0.6663
2 312 501 0.66535
2 313 501 0.668225
2 314 501 0.66875
2 315 501 0.6686
2 316 501 0.666425
2 317 501 0.6711
2 318 501 0.666625
2 319 501 0.670825
2 320 501 0.667225
2 321 501 0.67205
2 322 501 0.67365
2 323 501 0.672425
2 324 501 0.6675
2 325 501 0.66705
2 326 501 0.67215
2 327 501 0.672225
2 328 501 0.672025
2 329 501 0.672225
2 330 501 0.67045
2 331 501 0.669425
2 332 501 0.671725
2 333 501 0.672825
2 334 501 0.67085
2 335 501 0.671475
2 336 501 0.6714
2 337 501 0.67035
2 338 501 0.67855
2 339 501 0.677
2 340 501 0.6751
2 341 501 0.6747
2 342 501 0.676675
2 343 501 0.67475
2 344 501 0.67435
2 345 501 0.67725
2 346 501 0.6754
2 347 501 0.674175
2 348 501 0.674125
2 349 501 0.680225
2 350 501 0.678125
2 351 501 0.674725
2 352 501 0.678475
2 353 501 0.679475
2 354 501 0.67615
2 355 501 0.6805
2 356 501 0.677525
2 357 501 0.677275
2 358 501 0.6792
2 359 501 0.6788
2 360 501 0.680375
2 361 501 0.681275
2 362 501 0.678175
2 363 501 0.678
2 364 501 0.6773
2 365 501 0.679625
2 366 501 0.678375
2 367 501 0.677575
2 368 501 0.68055
2 369 501 0.676225
2 370 501 0.67965
2 371 501 0.677925
2 372 501 0.679425
2 373 501 0.6806
2 374 501 0.68085
2 375 501 0.67955
2 376 501 0.679625
2 377 501 0.682525
2 378 501 0.679725
2 379 501 0.683125
2 380 501 0.6835
2 381 501 0.68785
2 382 501 0.68195
2 383 501 0.685275
2 384 501 0.683225
2 385 501 0.68255
2 386 501 0.681875
2 387 501 0.684375
2 388 501 0.684525
2 389 501 0.681375
2 390 501 0.6807
2 391 501 0.686725
2 392 501 0.683175
2 393 501 0.68655
2 394 501 0.686975
2 395 501 0.6857
2 396 501 0.686425
2 397 501 0.6835
2 398 501 0.686275
2 399 501 0.687
2 400 501 0.687175
2 401 501 0.686375
2 402 501 0.685175
2 403 501 0.684325
2 404 501 0.685425
2 405 501 0.684125
2 406 501 0.6868
2 407 501 0.68545
2 408 501 0.690275
2 409 501 0.68585
2 410 501 0.686375
2 411 501 0.686525
2 412 501 0.6879
2 413 501 0.690275
2 414 501 0.68825
2 415 501 0.689575
2 416 501 0.688275
2 417 501 0.6883
2 418 501 0.689475
2 419 501 0.6886
2 420 501 0.68345
2 421 501 0.687925
2 422 501 0.6884
2 423 501 0.687625
2 424 501 0.685525
2 425 501 0.688625
2 426 501 0.689975
2 427 501 0.6899
2 428 501 0.68945
2 429 501 0.691275
2 430 501 0.691625
2 431 501 0.693375
2 432 501 0.690075
2 433 501 0.688525
2 434 501 0.693225
2 435 501 0.694575
2 436 501 0.69355
2 437 501 0.69195
2 438 501 0.691775
2 439 501 0.693375
2 440 501 0.690325
2 441 501 0.695825
2 442 501 0.69365
2 443 501 0.6941
2 444 501 0.6948
2 445 501 0.6915
2 446 501 0.6936
2 447 501 0.6943
2 448 501 0.6922
2 449 501 0.693975
2 450 501 0.694275
2 451 501 0.6916
2 452 501 0.6938
2 453 501 0.693675
2 454 501 0.6969
2 455 501 0.6951
2 456 501 0.69285
2 457 501 0.69235
2 458 501 0.696275
2 459 501 0.6948
2 460 501 0.6975
2 461 501 0.694425
2 462 501 0.69735
2 463 501 0.695825
2 464 501 0.701675
2 465 501 0.697025
2 466 501 0.695525
2 467 501 0.69865
2 468 501 0.70035
2 469 501 0.699825
2 470 501 0.695825
2 471 501 0.69855
2 472 501 0.700575
2 473 501 0.701225
2 474 501 0.70105
2 475 501 0.699375
2 476 501 0.70215
2 477 501 0.697975
2 478 501 0.699575
2 479 501 0.700775
2 480 501 0.70375
2 481 501 0.700475
2 482 501 0.698825
2 483 501 0.6986
2 484 501 0.6972
2 485 501 0.703775
2 486 501 0.6994
2 487 501 0.70135
2 488 501 0.698925
2 489 501 0.70255
2 490 501 0.700775
2 491 501 0.70225
2 492 501 0.7042
2 493 501 0.7012
2 494 501 0.704575
2 495 501 0.702375
2 496 501 0.706
2 497 501 0.702775
2 498 501 0.703125
2 499 501 0.70585
2 500 501 0.70605
2 501 501 0.7065
2 502 501 0.70845
2 503 501 0.70595
2 504 501 0.702825
2 505 501 0.704975
2 506 501 0.705175
2 507 501 0.705475
2 508 501 0.7045
2 509 501 0.705075
2 510 501 0.707525
2 511 501 0.7046
2 512 501 0.702675
2 513 501 0.706025
2 514 501 0.7066
2 515 501 0.70485
2 516 501 0.70495
2 517 501 0.70775
2 518 501 0.705575
2 519 501 0.70915
2 520 501 0.707
2 521 501 0.705025
2 522 501 0.708325
2 523 501 0.705
2 524 501 0.707925
2 525 501 0.7062
2 526 501 0.706325
2 527 501 0.709525
2 528 501 0.706125
2 529 501 0.707825
2 530 501 0.70815
2 531 501 0.70635
2 532 501 0.70855
2 533 501 0.7056
2 534 501 0.708
2 535 501 0.706725
2 536 501 0.708925
2 537 501 0.70855
2 538 501 0.707575
2 539 501 0.707325
2 540 501 0.706625
2 541 501 0.705575
2 542 501 0.70775
2 543 501 0.70845
2 544 501 0.706375
2 545 501 0.7083
2 546 501 0.7086
2 547 501 0.710325
2 548 501 0.7076
2 549 501 0.707925
2 550 501 0.70985
2 551 501 0.708975
2 552 501 0.71155
2 553 501 0.70965
2 554 501 0.706475
2 555 501 0.709175
2 556 501 0.711575
2 557 501 0.709825
2 558 501 0.7083
2 559 501 0.709425
2 560 501 0.708825
2 561 501 0.709025
2 562 501 0.7092
2 563 501 0.710375
2 564 501 0.708475
2 565 501 0.7124
2 566 501 0.707125
2 567 501 0.712325
2 568 501 0.711175
2 569 501 0.710425
2 570 501 0.71055
2 571 501 0.71075
2 572 501 0.71
2 573 501 0.70855
2 574 501 0.713075
2 575 501 0.7134
2 576 501 0.709075
2 577 501 0.710025
2 578 501 0.711025
2 579 501 0.709825
2 580 501 0.709525
2 581 501 0.711125
2 582 501 0.709025
2 583 501 0.7106
2 584 501 0.710875
2 585 501 0.7102
2 586 501 0.711125
2 587 501 0.7141
2 588 501 0.7126
2 589 501 0.71355
2 590 501 0.708825
2 591 501 0.71445
2 592 501 0.711125
2 593 501 0.713175
2 594 501 0.713975
2 595 501 0.71185
2 596 501 0.7112
2 597 501 0.7103
2 598 501 0.71045
2 599 501 0.711775
2 600 501 0.71275
2 601 501 0.7101
2 602 501 0.70845
2 603 501 0.714875
2 604 501 0.7112
2 605 501 0.712275
2 606 501 0.71295
2 607 501 0.713575
2 608 501 0.712175
2 609 501 0.715
2 610 501 0.7121
2 611 501 0.7155
2 612 501 0.7144
2 613 501 0.711025
2 614 501 0.711475
2 615 501 0.713425
2 616 501 0.7092
2 617 501 0.711375
2 618 501 0.712025
2 619 501 0.713825
2 620 501 0.711925
2 621 501 0.7136
2 622 501 0.71615
2 623 501 0.714325
2 624 501 0.712225
2 625 501 0.71305
2 626 501 0.711775
2 627 501 0.709975
2 628 501 0.714925
2 629 501 0.71705
2 630 501 0.712275
2 631 501 0.7152
2 632 501 0.71615
2 633 501 0.71445
2 634 501 0.71345
2 635 501 0.714075
2 636 501 0.71355
2 637 501 0.71255
2 638 501 0.715275
2 639 501 0.714725
2 640 501 0.712625
2 641 501 0.71645
2 642 501 0.71265
2 643 501 0.7138
2 644 501 0.715125
2 645 501 0.716825
2 646 501 0.714875
2 647 501 0.71795
2 648 501 0.717625
2 649 501 0.716325
2 650 501 0.71355
2 651 501 0.717275
2 652 501 0.71665
2 653 501 0.719925
2 654 501 0.717025
2 655 501 0.7129
2 656 501 0.717475
2 657 501 0.714575
2 658 501 0.715025
2 659 501 0.716725
2 660 501 0.71595
2 661 501 0.717575
2 662 501 0.716425
2 663 501 0.71525
2 664 501 0.720375
2 665 501 0.711525
2 666 501 0.715375
2 667 501 0.7216
2 668 501 0.7204
2 669 501 0.71915
2 670 501 0.71975
2 671 501 0.7171
2 672 501 0.7146
2 673 501 0.71785
2 674 501 0.7145
2 675 501 0.71855
2 676 501 0.71745
2 677 501 0.716
2 678 501 0.718225
2 679 501 0.7175
2 680 501 0.72025
2 681 501 0.7182
2 682 501 0.71545
2 683 501 0.7174
2 684 501 0.71705
2 685 501 0.721025
2 686 501 0.722725
2 687 501 0.722675
2 688 501 0.72225
2 689 501 0.72115
2 690 501 0.71995
2 691 501 0.721475
2 692 501 0.721525
2 693 501 0.7175
2 694 501 0.72155
2 695 501 0.71665
2 696 501 0.718125
2 697 501 0.7194
2 698 501 0.7175
2 699 501 0.72075
2 700 501 0.72155
2 701 501 0.717975
2 702 501 0.721775
2 703 501 0.719325
2 704 501 0.718925
2 705 501 0.71985
2 706 501 0.719775
2 707 501 0.722
2 708 501 0.722575
2 709 501 0.721425
2 710 501 0.7232
2 711 501 0.720775
2 712 501 0.722575
2 713 501 0.722475
2 714 501 0.71915
2 715 501 0.72275
2 716 501 0.720625
2 717 501 0.72075
2 718 501 0.72335
2 719 501 0.7214
2 720 501 0.720575
2 721 501 0.7239
2 722 501 0.721125
2 723 501 0.7195
2 724 501 0.72165
2 725 501 0.718575
2 726 501 0.722525
2 727 501 0.720175
2 728 501 0.72135
2 729 501 0.7216
2 730 501 0.723825
2 731 501 0.723525
2 732 501 0.726225
2 733 501 0.721525
2 734 501 0.722525
2 735 501 0.72565
2 736 501 0.72075
2 737 501 0.72085
2 738 501 0.72205
2 739 501 0.722325
2 740 501 0.725775
2 741 501 0.7246
2 742 501 0.720225
2 743 501 0.724325
2 744 501 0.725475
2 745 501 0.722275
2 746 501 0.7235
2 747 501 0.722575
2 748 501 0.7239
2 749 501 0.72535
2 750 501 0.7273
2 751 501 0.723225
2 752 501 0.7227
2 753 501 0.723875
2 754 501 0.724375
2 755 501 0.726125
2 756 501 0.725825
2 757 501 0.7227
2 758 501 0.72615
2 759 501 0.7267
2 760 501 0.724825
2 761 501 0.724825
2 762 501 0.7243
2 763 501 0.7268
2 764 501 0.724475
2 765 501 0.727325
2 766 501 0.727575
2 767 501 0.7278
2 768 501 0.727275
2 769 501 0.7249
2 770 501 0.723625
2 771 501 0.726125
2 772 501 0.726225
2 773 501 0.727175
2 774 501 0.727025
2 775 501 0.72415
2 776 501 0.72905
2 777 501 0.725275
2 778 501 0.724675
2 779 501 0.72555
2 780 501 0.72665
2 781 501 0.72475
2 782 501 0.7267
2 783 501 0.72515
2 784 501 0.727675
2 785 501 0.726725
2 786 501 0.725825
2 787 501 0.7281
2 788 501 0.726175
2 789 501 0.7291
2 790 501 0.726925
2 791 501 0.725
2 792 501 0.729425
2 793 501 0.7285
2 794 501 0.728275
2 795 501 0.727825
2 796 501 0.728375
2 797 501 0.72485
2 798 501 0.72755
2 799 501 0.731025
2 800 501 0.727825
2 801 501 0.728825
2 802 501 0.727525
2 803 501 0.729925
2 804 501 0.728175
2 805 501 0.730925
2 806 501 0.729225
2 807 501 0.728125
2 808 501 0.728425
2 809 501 0.731825
2 810 501 0.730325
2 811 501 0.730275
2 812 501 0.72955
2 813 501 0.731425
2 814 501 0.729725
2 815 501 0.7314
2 816 501 0.730425
2 817 501 0.7326
2 818 501 0.732425
2 819 501 0.73165
2 820 501 0.7302
2 821 501 0.7295
2 822 501 0.733875
2 823 501 0.730775
2 824 501 0.7317
2 825 501 0.7306
2 826 501 0.729325
2 827 501 0.733175
2 828 501 0.72925
2 829 501 0.731925
2 830 501 0.729825
2 831 501 0.73145
2 832 501 0.730075
2 833 501 0.732925
2 834 501 0.733375
2 835 501 0.73465
2 836 501 0.732325
2 837 501 0.734125
2 838 501 0.731525
2 839 501 0.732925
2 840 501 0.7314
2 841 501 0.73305
2 842 501 0.732825
2 843 501 0.73295
2 844 501 0.733375
2 845 501 0.733075
2 846 501 0.733925
2 847 501 0.734
2 848 501 0.730075
2 849 501 0.734525
2 850 501 0.734625
2 851 501 0.73115
2 852 501 0.733575
2 853 501 0.733275
2 854 501 0.736775
2 855 501 0.736575
2 856 501 0.7324
2 857 501 0.732925
2 858 501 0.735075
2 859 501 0.734075
2 860 501 0.7343
2 861 501 0.7333
2 862 501 0.73295
2 863 501 0.730975
2 864 501 0.732325
2 865 501 0.7387
2 866 501 0.733025
2 867 501 0.735925
2 868 501 0.73585
2 869 501 0.73445
2 870 501 0.737225
2 871 501 0.737225
2 872 501 0.73665
2 873 501 0.7319
2 874 501 0.7357
2 875 501 0.735275
2 876 501 0.736
2 877 501 0.7314
2 878 501 0.736075
2 879 501 0.735675
2 880 501 0.738
2 881 501 0.736675
2 882 501 0.737975
2 883 501 0.735025
2 884 501 0.73985
2 885 501 0.73545
2 886 501 0.7387
2 887 501 0.7359
2 888 501 0.740425
2 889 501 0.737425
2 890 501 0.737075
2 891 501 0.735725
2 892 501 0.739725
2 893 501 0.738225
2 894 501 0.735075
2 895 501 0.7401
2 896 501 0.7385
2 897 501 0.7401
2 898 501 0.736325
2 899 501 0.7347
2 900 501 0.739475
2 901 501 0.736425
2 902 501 0.741225
2 903 501 0.7384
2 904 501 0.7379
2 905 501 0.7384
2 906 501 0.739275
2 907 501 0.738825
2 908 501 0.738975
2 909 501 0.736125
2 910 501 0.73915
2 911 501 0.74165
2 912 501 0.740675
2 913 501 0.737375
2 914 501 0.736525
2 915 501 0.738
2 916 501 0.7398
2 917 501 0.739625
2 918 501 0.7386
2 919 501 0.74135
2 920 501 0.738925
2 921 501 0.741075
2 922 501 0.741875
2 923 501 0.742
2 924 501 0.741825
2 925 501 0.74345
2 926 501 0.742075
2 927 501 0.74195
2 928 501 0.74085
2 929 501 0.742575
2 930 501 0.739125
2 931 501 0.74205
2 932 501 0.7428
2 933 501 0.742425
2 934 501 0.740725
2 935 501 0.74155
2 936 501 0.746575
2 937 501 0.744125
2 938 501 0.744375
2 939 501 0.742725
2 940 501 0.7434
2 941 501 0.740575
2 942 501 0.7418
2 943 501 0.742
2 944 501 0.7432
2 945 501 0.74405
2 946 501 0.74085
2 947 501 0.742975
2 948 501 0.744825
2 949 501 0.7439
2 950 501 0.744075
2 951 501 0.744575
2 952 501 0.74535
2 953 501 0.741575
2 954 501 0.744225
2 955 501 0.744425
2 956 501 0.744025
2 957 501 0.74465
2 958 501 0.7445
2 959 501 0.745775
2 960 501 0.74495
2 961 501 0.7434
2 962 501 0.745625
2 963 501 0.745375
2 964 501 0.747175
2 965 501 0.7467
2 966 501 0.746475
2 967 501 0.74265
2 968 501 0.74405
2 969 501 0.746475
2 970 501 0.747625
2 971 501 0.746225
2 972 501 0.74615
2 973 501 0.7475
2 974 501 0.749275
2 975 501 0.747875
2 976 501 0.745
2 977 501 0.74625
2 978 501 0.743275
2 979 501 0.747325
2 980 501 0.7469
2 981 501 0.747675
2 982 501 0.749275
2 983 501 0.7478
2 984 501 0.747975
2 985 501 0.745625
2 986 501 0.7475
2 987 501 0.74555
2 988 501 0.745325
2 989 501 0.748975
2 990 501 0.7459
2 991 501 0.749925
2 992 501 0.7494
2 993 501 0.749025
2 994 501 0.7492
2 995 501 0.75105
2 996 501 0.747975
2 997 501 0.74945
2 998 501 0.7507
2 999 501 0.74995
2 1000 501 0.747675
